Season,Region,Rating,Rank,Race
41,CN,2678,Gold,Protoss
41,CN,2678,Gold,Terran
41,CN,2678,Gold,Zerg
41,CN,2678,Gold,Terran
41,CN,2678,Gold,Zerg
41,CN,2678,Gold,Zerg
41,CN,2678,Gold,Protoss
41,CN,2678,Gold,Protoss
41,CN,2678,Gold,Protoss
41,CN,2678,Gold,Zerg
41,CN,2678,Gold,Protoss
41,CN,2678,Gold,Zerg
41,CN,2678,Gold,Random
41,CN,2678,Gold,Protoss
41,CN,2678,Gold,Protoss
41,CN,2678,Gold,Protoss
41,CN,2678,Gold,Zerg
41,CN,2678,Gold,Terran
41,CN,2678,Gold,Random
41,CN,2678,Gold,Protoss
41,CN,2678,Gold,Zerg
41,CN,2678,Gold,Protoss
41,CN,2678,Gold,Terran
41,CN,2678,Gold,Terran
41,CN,2678,Gold,Terran
41,CN,2678,Gold,Terran
41,CN,2678,Gold,Terran
41,CN,2678,Gold,Terran
41,CN,2678,Gold,Zerg
41,CN,2678,Gold,Zerg
41,CN,2678,Gold,Terran
41,CN,2678,Gold,Zerg
41,CN,2678,Gold,Terran
41,CN,2678,Gold,Terran
41,CN,2678,Gold,Terran
41,CN,2678,Gold,Terran
41,CN,2678,Gold,Terran
41,CN,2678,Gold,Terran
41,CN,2678,Gold,Terran
41,CN,2678,Gold,Terran
41,CN,2678,Gold,Zerg
41,CN,2678,Gold,Protoss
41,CN,2678,Gold,Terran
41,CN,2678,Gold,Random
41,CN,2678,Gold,Zerg
41,CN,2678,Gold,Zerg
41,CN,2678,Gold,Terran
41,CN,2678,Gold,Zerg
41,CN,2678,Gold,Zerg
41,CN,2678,Gold,Terran
41,CN,2678,Gold,Terran
41,CN,2678,Gold,Terran
41,CN,2678,Gold,Protoss
41,CN,2678,Gold,Protoss
41,CN,2678,Gold,Zerg
41,CN,2678,Gold,Protoss
41,CN,2678,Gold,Zerg
41,CN,2678,Gold,Zerg
41,CN,2678,Gold,Protoss
41,CN,2678,Gold,Terran
41,CN,2678,Gold,Terran
41,CN,2678,Gold,Random
41,CN,2677,Gold,Protoss
41,CN,2677,Gold,Zerg
41,CN,2677,Gold,Zerg
41,CN,2677,Gold,Terran
41,CN,2677,Gold,Terran
41,CN,2677,Gold,Zerg
41,CN,2677,Gold,Terran
41,CN,2677,Gold,Protoss
41,CN,2677,Gold,Random
41,CN,2677,Gold,Terran
41,CN,2677,Gold,Terran
41,CN,2677,Gold,Zerg
41,CN,2677,Gold,Zerg
41,CN,2677,Gold,Protoss
41,CN,2677,Gold,Terran
41,CN,2677,Gold,Terran
41,CN,2677,Gold,Zerg
41,CN,2677,Gold,Zerg
41,CN,2677,Gold,Protoss
41,CN,2677,Gold,Protoss
41,CN,2677,Gold,Terran
41,CN,2677,Gold,Terran
41,CN,2677,Gold,Terran
41,CN,2677,Gold,Protoss
41,CN,2677,Gold,Terran
41,CN,2677,Gold,Protoss
41,CN,2677,Gold,Terran
41,CN,2677,Gold,Terran
41,CN,2677,Gold,Terran
41,CN,2677,Gold,Zerg
41,CN,2677,Gold,Terran
41,CN,2677,Gold,Terran
41,CN,2677,Gold,Protoss
41,CN,2677,Gold,Zerg
41,CN,2677,Gold,Terran
41,CN,2677,Gold,Protoss
41,CN,2677,Gold,Terran
41,CN,2677,Gold,Terran
41,CN,2675,Gold,Terran
41,CN,2675,Gold,Protoss
41,CN,2675,Gold,Zerg
41,CN,2675,Gold,Zerg
41,CN,2675,Gold,Terran
41,CN,2675,Gold,Zerg
41,CN,2675,Gold,Protoss
41,CN,2675,Gold,Terran
41,CN,2675,Gold,Terran
41,CN,2675,Gold,Protoss
41,CN,2675,Gold,Protoss
41,CN,2675,Gold,Terran
41,CN,2675,Gold,Protoss
41,CN,2675,Gold,Protoss
41,CN,2675,Gold,Protoss
41,CN,2675,Gold,Random
41,CN,2675,Gold,Zerg
41,CN,2675,Gold,Terran
41,CN,2675,Gold,Protoss
41,CN,2675,Gold,Terran
41,CN,2675,Gold,Terran
41,CN,2675,Gold,Zerg
41,CN,2675,Gold,Terran
41,CN,2675,Gold,Terran
41,CN,2675,Gold,Terran
41,CN,2675,Gold,Protoss
41,CN,2675,Gold,Protoss
41,CN,2675,Gold,Zerg
41,CN,2675,Gold,Protoss
41,CN,2675,Gold,Protoss
41,CN,2675,Gold,Protoss
41,CN,2675,Gold,Protoss
41,CN,2675,Gold,Terran
41,CN,2675,Gold,Terran
41,CN,2675,Gold,Terran
41,CN,2675,Gold,Protoss
41,CN,2675,Gold,Zerg
41,CN,2675,Gold,Protoss
41,CN,2675,Gold,Zerg
41,CN,2675,Gold,Protoss
41,CN,2675,Gold,Protoss
41,CN,2675,Gold,Zerg
41,CN,2675,Gold,Zerg
41,CN,2675,Gold,Terran
41,CN,2675,Gold,Protoss
41,CN,2675,Gold,Terran
41,CN,2675,Gold,Terran
41,CN,2675,Gold,Zerg
41,CN,2675,Gold,Protoss
41,CN,2675,Gold,Protoss
41,CN,2675,Gold,Terran
41,CN,2675,Gold,Zerg
41,CN,2675,Gold,Protoss
41,CN,2675,Gold,Random
41,CN,2675,Gold,Terran
41,CN,2675,Gold,Terran
41,CN,2675,Gold,Terran
41,CN,2675,Gold,Random
41,CN,2675,Gold,Protoss
41,CN,2675,Gold,Protoss
41,CN,2675,Gold,Terran
41,CN,2675,Gold,Zerg
41,CN,2675,Gold,Terran
41,CN,2675,Gold,Terran
41,CN,2675,Gold,Terran
41,CN,2675,Gold,Zerg
41,CN,2675,Gold,Protoss
41,CN,2675,Gold,Terran
41,CN,2674,Gold,Protoss
41,CN,2674,Gold,Terran
41,CN,2674,Gold,Zerg
41,CN,2674,Gold,Zerg
41,CN,2674,Gold,Terran
41,CN,2674,Gold,Terran
41,CN,2674,Gold,Protoss
41,CN,2674,Gold,Zerg
41,CN,2674,Gold,Zerg
41,CN,2674,Gold,Zerg
41,CN,2674,Gold,Terran
41,CN,2674,Gold,Zerg
41,CN,2674,Gold,Random
41,CN,2674,Gold,Terran
41,CN,2674,Gold,Protoss
41,CN,2674,Gold,Terran
41,CN,2674,Gold,Terran
41,CN,2674,Gold,Terran
41,CN,2674,Gold,Protoss
41,CN,2674,Gold,Random
41,CN,2674,Gold,Zerg
41,CN,2674,Gold,Protoss
41,CN,2674,Gold,Random
41,CN,2674,Gold,Protoss
41,CN,2674,Gold,Random
41,CN,2674,Gold,Zerg
41,CN,2674,Gold,Random
41,CN,2674,Gold,Terran
41,CN,2674,Gold,Protoss
41,CN,2674,Gold,Terran
41,CN,2674,Gold,Zerg
41,CN,2674,Gold,Protoss
41,CN,2672,Gold,Protoss
41,CN,2672,Gold,Protoss
41,CN,2672,Gold,Random
41,CN,2672,Gold,Zerg
41,CN,2672,Gold,Terran
41,CN,2672,Gold,Terran
41,CN,2672,Gold,Zerg
41,CN,2672,Gold,Protoss
41,CN,2672,Gold,Zerg
41,CN,2672,Gold,Random
41,CN,2672,Gold,Protoss
41,CN,2672,Gold,Terran
41,CN,2672,Gold,Zerg
41,CN,2672,Gold,Protoss
41,CN,2672,Gold,Protoss
41,CN,2672,Gold,Terran
41,CN,2672,Gold,Protoss
41,CN,2672,Gold,Terran
41,CN,2672,Gold,Zerg
41,CN,2672,Gold,Terran
41,CN,2672,Gold,Zerg
41,CN,2672,Gold,Protoss
41,CN,2672,Gold,Zerg
41,CN,2672,Gold,Terran
41,CN,2672,Gold,Zerg
41,CN,2672,Gold,Terran
41,CN,2672,Gold,Terran
41,CN,2672,Gold,Protoss
41,CN,2672,Gold,Random
41,CN,2672,Gold,Terran
41,CN,2672,Gold,Protoss
41,CN,2672,Gold,Terran
41,CN,2672,Gold,Random
41,CN,2672,Gold,Terran
41,CN,2672,Gold,Terran
41,CN,2672,Gold,Zerg
41,CN,2672,Gold,Zerg
41,CN,2672,Gold,Protoss
41,CN,2672,Gold,Protoss
41,CN,2672,Gold,Protoss
41,CN,2672,Gold,Zerg
41,CN,2672,Gold,Zerg
41,CN,2672,Gold,Terran
41,CN,2672,Gold,Protoss
41,CN,2672,Gold,Protoss
41,CN,2672,Gold,Zerg
41,CN,2672,Gold,Random
41,CN,2672,Gold,Zerg
41,CN,2672,Gold,Terran
41,CN,2672,Gold,Terran
41,CN,2672,Gold,Terran
41,CN,2672,Gold,Zerg
41,CN,2672,Gold,Protoss
41,CN,2672,Gold,Terran
41,CN,2672,Gold,Zerg
41,CN,2672,Gold,Zerg
41,CN,2672,Gold,Zerg
41,CN,2672,Gold,Terran
41,CN,2672,Gold,Terran
41,CN,2672,Gold,Protoss
41,CN,2672,Gold,Terran
41,CN,2672,Gold,Zerg
41,CN,2672,Gold,Terran
41,CN,2672,Gold,Protoss
41,CN,2672,Gold,Random
41,CN,2672,Gold,Terran
41,CN,2672,Gold,Terran
41,CN,2671,Gold,Protoss
41,CN,2671,Gold,Protoss
41,CN,2671,Gold,Random
41,CN,2671,Gold,Protoss
41,CN,2671,Gold,Zerg
41,CN,2671,Gold,Terran
41,CN,2671,Gold,Protoss
41,CN,2671,Gold,Terran
41,CN,2671,Gold,Terran
41,CN,2671,Gold,Protoss
41,CN,2671,Gold,Random
41,CN,2671,Gold,Protoss
41,CN,2671,Gold,Terran
41,CN,2671,Gold,Protoss
41,CN,2671,Gold,Terran
41,CN,2671,Gold,Protoss
41,CN,2671,Gold,Protoss
41,CN,2671,Gold,Zerg
41,CN,2671,Gold,Protoss
41,CN,2671,Gold,Protoss
41,CN,2671,Gold,Terran
41,CN,2671,Gold,Protoss
41,CN,2671,Gold,Terran
41,CN,2671,Gold,Terran
41,CN,2671,Gold,Terran
41,CN,2671,Gold,Zerg
41,CN,2671,Gold,Terran
41,CN,2671,Gold,Zerg
41,CN,2671,Gold,Terran
41,CN,2671,Gold,Terran
41,CN,2671,Gold,Terran
41,CN,2671,Gold,Terran
41,CN,2671,Gold,Zerg
41,CN,2669,Gold,Terran
41,CN,2669,Gold,Protoss
41,CN,2669,Gold,Protoss
41,CN,2669,Gold,Zerg
41,CN,2669,Gold,Protoss
41,CN,2669,Gold,Protoss
41,CN,2669,Gold,Terran
41,CN,2669,Gold,Protoss
41,CN,2669,Gold,Terran
41,CN,2669,Gold,Terran
41,CN,2669,Gold,Random
41,CN,2669,Gold,Zerg
41,CN,2669,Gold,Protoss
41,CN,2669,Gold,Terran
41,CN,2669,Gold,Random
41,CN,2669,Gold,Terran
41,CN,2669,Gold,Terran
41,CN,2669,Gold,Zerg
41,CN,2669,Gold,Terran
41,CN,2669,Gold,Terran
41,CN,2669,Gold,Terran
41,CN,2669,Gold,Terran
41,CN,2669,Gold,Protoss
41,CN,2669,Gold,Zerg
41,CN,2669,Gold,Protoss
41,CN,2669,Gold,Protoss
41,CN,2669,Gold,Protoss
41,CN,2669,Gold,Zerg
41,CN,2669,Gold,Protoss
41,CN,2669,Gold,Terran
41,CN,2669,Gold,Zerg
41,CN,2669,Gold,Terran
41,CN,2669,Gold,Zerg
41,CN,2669,Gold,Random
41,CN,2669,Gold,Random
41,CN,2669,Gold,Terran
41,CN,2669,Gold,Protoss
41,CN,2669,Gold,Zerg
41,CN,2669,Gold,Zerg
41,CN,2669,Gold,Protoss
41,CN,2669,Gold,Terran
41,CN,2669,Gold,Protoss
41,CN,2669,Gold,Terran
41,CN,2669,Gold,Protoss
41,CN,2669,Gold,Random
41,CN,2669,Gold,Protoss
41,CN,2669,Gold,Zerg
41,CN,2669,Gold,Terran
41,CN,2669,Gold,Terran
41,CN,2669,Gold,Protoss
41,CN,2669,Gold,Zerg
41,CN,2669,Gold,Random
41,CN,2669,Gold,Zerg
41,CN,2669,Gold,Terran
41,CN,2669,Gold,Protoss
41,CN,2669,Gold,Protoss
41,CN,2669,Gold,Protoss
41,CN,2669,Gold,Protoss
41,CN,2669,Gold,Terran
41,CN,2669,Gold,Random
41,CN,2669,Gold,Random
41,CN,2669,Gold,Zerg
41,CN,2669,Gold,Terran
41,CN,2669,Gold,Protoss
41,CN,2668,Gold,Zerg
41,CN,2668,Gold,Terran
41,CN,2668,Gold,Protoss
41,CN,2668,Gold,Zerg
41,CN,2668,Gold,Terran
41,CN,2668,Gold,Protoss
41,CN,2668,Gold,Zerg
41,CN,2668,Gold,Terran
41,CN,2668,Gold,Zerg
41,CN,2668,Gold,Zerg
41,CN,2668,Gold,Random
41,CN,2668,Gold,Terran
41,CN,2668,Gold,Protoss
41,CN,2668,Gold,Zerg
41,CN,2668,Gold,Terran
41,CN,2668,Gold,Protoss
41,CN,2668,Gold,Protoss
41,CN,2668,Gold,Protoss
41,CN,2668,Gold,Terran
41,CN,2668,Gold,Protoss
41,CN,2668,Gold,Protoss
41,CN,2668,Gold,Terran
41,CN,2668,Gold,Protoss
41,CN,2668,Gold,Protoss
41,CN,2668,Gold,Zerg
41,CN,2668,Gold,Terran
41,CN,2668,Gold,Zerg
41,CN,2668,Gold,Protoss
41,CN,2668,Gold,Terran
41,CN,2668,Gold,Zerg
41,CN,2668,Gold,Terran
41,CN,2668,Gold,Terran
41,CN,2668,Gold,Zerg
41,CN,2668,Gold,Protoss
41,CN,2668,Gold,Protoss
41,CN,2668,Gold,Zerg
41,CN,2666,Gold,Protoss
41,CN,2666,Gold,Protoss
41,CN,2666,Gold,Terran
41,CN,2666,Gold,Random
41,CN,2666,Gold,Terran
41,CN,2666,Gold,Zerg
41,CN,2666,Gold,Terran
41,CN,2666,Gold,Terran
41,CN,2666,Gold,Terran
41,CN,2666,Gold,Terran
41,CN,2666,Gold,Protoss
41,CN,2666,Gold,Zerg
41,CN,2666,Gold,Protoss
41,CN,2666,Gold,Protoss
41,CN,2666,Gold,Zerg
41,CN,2666,Gold,Terran
41,CN,2666,Gold,Terran
41,CN,2666,Gold,Random
41,CN,2666,Gold,Random
41,CN,2666,Gold,Terran
41,CN,2666,Gold,Protoss
41,CN,2666,Gold,Zerg
41,CN,2666,Gold,Protoss
41,CN,2666,Gold,Terran
41,CN,2666,Gold,Terran
41,CN,2666,Gold,Terran
41,CN,2666,Gold,Terran
41,CN,2666,Gold,Protoss
41,CN,2666,Gold,Terran
41,CN,2666,Gold,Protoss
41,CN,2666,Gold,Terran
41,CN,2666,Gold,Terran
41,CN,2666,Gold,Protoss
41,CN,2666,Gold,Protoss
41,CN,2666,Gold,Protoss
41,CN,2666,Gold,Protoss
41,CN,2666,Gold,Protoss
41,CN,2666,Gold,Zerg
41,CN,2666,Gold,Terran
41,CN,2666,Gold,Protoss
41,CN,2666,Gold,Protoss
41,CN,2666,Gold,Zerg
41,CN,2666,Gold,Terran
41,CN,2666,Gold,Protoss
41,CN,2666,Gold,Terran
41,CN,2666,Gold,Protoss
41,CN,2666,Gold,Random
41,CN,2666,Gold,Zerg
41,CN,2666,Gold,Zerg
41,CN,2666,Gold,Protoss
41,CN,2666,Gold,Protoss
41,CN,2666,Gold,Protoss
41,CN,2666,Gold,Terran
41,CN,2666,Gold,Terran
41,CN,2666,Gold,Protoss
41,CN,2666,Gold,Terran
41,CN,2666,Gold,Terran
41,CN,2666,Gold,Protoss
41,CN,2666,Gold,Zerg
41,CN,2666,Gold,Zerg
41,CN,2666,Gold,Protoss
41,CN,2666,Gold,Terran
41,CN,2666,Gold,Protoss
41,CN,2666,Gold,Terran
41,CN,2666,Gold,Protoss
41,CN,2666,Gold,Zerg
41,CN,2666,Gold,Zerg
41,CN,2666,Gold,Protoss
41,CN,2666,Gold,Zerg
41,CN,2666,Gold,Protoss
41,CN,2666,Gold,Zerg
41,CN,2666,Gold,Zerg
41,CN,2666,Gold,Protoss
41,CN,2666,Gold,Protoss
41,CN,2666,Gold,Protoss
41,CN,2666,Gold,Terran
41,CN,2665,Gold,Terran
41,CN,2665,Gold,Zerg
41,CN,2665,Gold,Random
41,CN,2665,Gold,Protoss
41,CN,2665,Gold,Zerg
41,CN,2665,Gold,Zerg
41,CN,2665,Gold,Zerg
41,CN,2665,Gold,Random
41,CN,2665,Gold,Terran
41,CN,2665,Gold,Protoss
41,CN,2665,Gold,Protoss
41,CN,2665,Gold,Terran
41,CN,2665,Gold,Zerg
41,CN,2665,Gold,Protoss
41,CN,2665,Gold,Protoss
41,CN,2665,Gold,Random
41,CN,2665,Gold,Zerg
41,CN,2665,Gold,Protoss
41,CN,2665,Gold,Terran
41,CN,2665,Gold,Terran
41,CN,2665,Gold,Protoss
41,CN,2665,Gold,Zerg
41,CN,2665,Gold,Protoss
41,CN,2665,Gold,Terran
41,CN,2663,Gold,Protoss
41,CN,2663,Gold,Protoss
41,CN,2663,Gold,Terran
41,CN,2663,Gold,Zerg
41,CN,2663,Gold,Protoss
41,CN,2663,Gold,Protoss
41,CN,2663,Gold,Terran
41,CN,2663,Gold,Protoss
41,CN,2663,Gold,Random
41,CN,2663,Gold,Terran
41,CN,2663,Gold,Terran
41,CN,2663,Gold,Terran
41,CN,2663,Gold,Zerg
41,CN,2663,Gold,Random
41,CN,2663,Gold,Random
41,CN,2663,Gold,Protoss
41,CN,2663,Gold,Random
41,CN,2663,Gold,Protoss
41,CN,2663,Gold,Terran
41,CN,2663,Gold,Terran
41,CN,2663,Gold,Terran
41,CN,2663,Gold,Terran
41,CN,2663,Gold,Terran
41,CN,2663,Gold,Terran
41,CN,2663,Gold,Protoss
41,CN,2663,Gold,Terran
41,CN,2663,Gold,Random
41,CN,2663,Gold,Terran
41,CN,2663,Gold,Protoss
41,CN,2663,Gold,Zerg
41,CN,2663,Gold,Terran
41,CN,2663,Gold,Protoss
41,CN,2663,Gold,Terran
41,CN,2663,Gold,Protoss
41,CN,2663,Gold,Terran
41,CN,2663,Gold,Terran
41,CN,2663,Gold,Protoss
41,CN,2663,Gold,Protoss
41,CN,2663,Gold,Zerg
41,CN,2663,Gold,Random
41,CN,2663,Gold,Protoss
41,CN,2663,Gold,Terran
41,CN,2663,Gold,Protoss
41,CN,2663,Gold,Terran
41,CN,2663,Gold,Terran
41,CN,2663,Gold,Protoss
41,CN,2663,Gold,Protoss
41,CN,2663,Gold,Terran
41,CN,2663,Gold,Zerg
41,CN,2663,Gold,Terran
41,CN,2663,Gold,Terran
41,CN,2663,Gold,Zerg
41,CN,2663,Gold,Protoss
41,CN,2663,Gold,Zerg
41,CN,2663,Gold,Terran
41,CN,2663,Gold,Zerg
41,CN,2663,Gold,Zerg
41,CN,2663,Gold,Zerg
41,CN,2663,Gold,Zerg
41,CN,2663,Gold,Zerg
41,CN,2663,Gold,Terran
41,CN,2663,Gold,Terran
41,CN,2663,Gold,Terran
41,CN,2663,Gold,Terran
41,CN,2663,Gold,Zerg
41,CN,2663,Gold,Protoss
41,CN,2663,Gold,Terran
41,CN,2663,Gold,Zerg
41,CN,2663,Gold,Terran
41,CN,2663,Gold,Terran
41,CN,2663,Gold,Zerg
41,CN,2663,Gold,Zerg
41,CN,2663,Gold,Random
41,CN,2663,Gold,Protoss
41,CN,2663,Gold,Protoss
41,CN,2662,Gold,Terran
41,CN,2662,Gold,Terran
41,CN,2662,Gold,Protoss
41,CN,2662,Gold,Zerg
41,CN,2662,Gold,Terran
41,CN,2662,Gold,Terran
41,CN,2662,Gold,Protoss
41,CN,2662,Gold,Terran
41,CN,2662,Gold,Protoss
41,CN,2662,Gold,Zerg
41,CN,2662,Gold,Terran
41,CN,2662,Gold,Terran
41,CN,2662,Gold,Terran
41,CN,2662,Gold,Terran
41,CN,2662,Gold,Zerg
41,CN,2662,Gold,Zerg
41,CN,2662,Gold,Random
41,CN,2662,Gold,Protoss
41,CN,2662,Gold,Protoss
41,CN,2662,Gold,Zerg
41,CN,2662,Gold,Protoss
41,CN,2662,Gold,Zerg
41,CN,2662,Gold,Zerg
41,CN,2662,Gold,Terran
41,CN,2662,Gold,Protoss
41,CN,2660,Gold,Terran
41,CN,2660,Gold,Terran
41,CN,2660,Gold,Zerg
41,CN,2660,Gold,Terran
41,CN,2660,Gold,Terran
41,CN,2660,Gold,Protoss
41,CN,2660,Gold,Protoss
41,CN,2660,Gold,Protoss
41,CN,2660,Gold,Protoss
41,CN,2660,Gold,Zerg
41,CN,2660,Gold,Terran
41,CN,2660,Gold,Protoss
41,CN,2660,Gold,Terran
41,CN,2660,Gold,Terran
41,CN,2660,Gold,Terran
41,CN,2660,Gold,Protoss
41,CN,2660,Gold,Zerg
41,CN,2660,Gold,Random
41,CN,2660,Gold,Zerg
41,CN,2660,Gold,Protoss
41,CN,2660,Gold,Terran
41,CN,2660,Gold,Protoss
41,CN,2660,Gold,Protoss
41,CN,2660,Gold,Random
41,CN,2660,Gold,Protoss
41,CN,2660,Gold,Protoss
41,CN,2660,Gold,Random
41,CN,2660,Gold,Terran
41,CN,2660,Gold,Protoss
41,CN,2660,Gold,Zerg
41,CN,2660,Gold,Zerg
41,CN,2660,Gold,Zerg
41,CN,2660,Gold,Terran
41,CN,2660,Gold,Zerg
41,CN,2660,Gold,Terran
41,CN,2660,Gold,Terran
41,CN,2660,Gold,Zerg
41,CN,2660,Gold,Terran
41,CN,2660,Gold,Protoss
41,CN,2660,Gold,Protoss
41,CN,2660,Gold,Protoss
41,CN,2660,Gold,Protoss
41,CN,2660,Gold,Protoss
41,CN,2660,Gold,Zerg
41,CN,2660,Gold,Protoss
41,CN,2660,Gold,Protoss
41,CN,2660,Gold,Terran
41,CN,2660,Gold,Random
41,CN,2660,Gold,Terran
41,CN,2660,Gold,Zerg
41,CN,2660,Gold,Zerg
41,CN,2660,Gold,Random
41,CN,2660,Gold,Random
41,CN,2660,Gold,Terran
41,CN,2660,Gold,Protoss
41,CN,2660,Gold,Terran
41,CN,2660,Gold,Terran
41,CN,2660,Gold,Protoss
41,CN,2660,Gold,Terran
41,CN,2660,Gold,Zerg
41,CN,2659,Gold,Terran
41,CN,2659,Gold,Terran
41,CN,2659,Gold,Protoss
41,CN,2659,Gold,Protoss
41,CN,2659,Gold,Terran
41,CN,2659,Gold,Terran
41,CN,2659,Gold,Zerg
41,CN,2659,Gold,Random
41,CN,2659,Gold,Zerg
41,CN,2659,Gold,Terran
41,CN,2659,Gold,Zerg
41,CN,2659,Gold,Random
41,CN,2659,Gold,Protoss
41,CN,2659,Gold,Random
41,CN,2659,Gold,Terran
41,CN,2659,Gold,Terran
41,CN,2659,Gold,Protoss
41,CN,2659,Gold,Terran
41,CN,2659,Gold,Protoss
41,CN,2659,Gold,Terran
41,CN,2659,Gold,Protoss
41,CN,2659,Gold,Protoss
41,CN,2659,Gold,Protoss
41,CN,2659,Gold,Zerg
41,CN,2659,Gold,Terran
41,CN,2659,Gold,Protoss
41,CN,2659,Gold,Zerg
41,CN,2659,Gold,Zerg
41,CN,2659,Gold,Protoss
41,CN,2659,Gold,Zerg
41,CN,2659,Gold,Protoss
41,CN,2659,Gold,Terran
41,CN,2659,Gold,Zerg
41,CN,2659,Gold,Protoss
41,CN,2659,Gold,Zerg
41,CN,2659,Gold,Terran
41,CN,2659,Gold,Zerg
41,CN,2659,Gold,Zerg
41,CN,2659,Gold,Protoss
41,CN,2659,Gold,Protoss
41,CN,2657,Gold,Terran
41,CN,2657,Gold,Terran
41,CN,2657,Gold,Terran
41,CN,2657,Gold,Terran
41,CN,2657,Gold,Protoss
41,CN,2657,Gold,Protoss
41,CN,2657,Gold,Protoss
41,CN,2657,Gold,Terran
41,CN,2657,Gold,Zerg
41,CN,2657,Gold,Zerg
41,CN,2657,Gold,Terran
41,CN,2657,Gold,Protoss
41,CN,2657,Gold,Protoss
41,CN,2657,Gold,Random
41,CN,2657,Gold,Protoss
41,CN,2657,Gold,Zerg
41,CN,2657,Gold,Protoss
41,CN,2657,Gold,Protoss
41,CN,2657,Gold,Protoss
41,CN,2657,Gold,Protoss
41,CN,2657,Gold,Zerg
41,CN,2657,Gold,Protoss
41,CN,2657,Gold,Terran
41,CN,2657,Gold,Protoss
41,CN,2657,Gold,Zerg
41,CN,2657,Gold,Protoss
41,CN,2657,Gold,Zerg
41,CN,2657,Gold,Terran
41,CN,2657,Gold,Terran
41,CN,2657,Gold,Terran
41,CN,2657,Gold,Protoss
41,CN,2657,Gold,Protoss
41,CN,2657,Gold,Zerg
41,CN,2657,Gold,Protoss
41,CN,2657,Gold,Terran
41,CN,2657,Gold,Terran
41,CN,2657,Gold,Zerg
41,CN,2657,Gold,Random
41,CN,2657,Gold,Terran
41,CN,2657,Gold,Protoss
41,CN,2657,Gold,Terran
41,CN,2657,Gold,Zerg
41,CN,2657,Gold,Zerg
41,CN,2657,Gold,Protoss
41,CN,2657,Gold,Protoss
41,CN,2657,Gold,Terran
41,CN,2657,Gold,Zerg
41,CN,2657,Gold,Protoss
41,CN,2657,Gold,Zerg
41,CN,2657,Gold,Zerg
41,CN,2657,Gold,Random
41,CN,2657,Gold,Protoss
41,CN,2657,Gold,Protoss
41,CN,2657,Gold,Zerg
41,CN,2657,Gold,Protoss
41,CN,2657,Gold,Terran
41,CN,2657,Gold,Terran
41,CN,2657,Gold,Protoss
41,CN,2657,Gold,Zerg
41,CN,2657,Gold,Zerg
41,CN,2657,Gold,Zerg
41,CN,2657,Gold,Terran
41,CN,2657,Gold,Terran
41,CN,2657,Gold,Protoss
41,CN,2657,Gold,Terran
41,CN,2657,Gold,Protoss
41,CN,2657,Gold,Protoss
41,CN,2657,Gold,Zerg
41,CN,2657,Gold,Terran
41,CN,2657,Gold,Terran
41,CN,2657,Gold,Terran
41,CN,2657,Gold,Terran
41,CN,2657,Gold,Zerg
41,CN,2657,Gold,Protoss
41,CN,2657,Gold,Terran
41,CN,2657,Gold,Protoss
41,CN,2657,Gold,Terran
41,CN,2657,Gold,Zerg
41,CN,2657,Gold,Terran
41,CN,2657,Gold,Protoss
41,CN,2657,Gold,Protoss
41,CN,2657,Gold,Protoss
41,CN,2657,Gold,Zerg
41,CN,2657,Gold,Zerg
41,CN,2657,Gold,Zerg
41,CN,2657,Gold,Zerg
41,CN,2657,Gold,Zerg
41,CN,2657,Gold,Protoss
41,CN,2657,Gold,Terran
41,CN,2657,Gold,Terran
41,CN,2656,Gold,Terran
41,CN,2656,Gold,Protoss
41,CN,2656,Gold,Terran
41,CN,2656,Gold,Terran
41,CN,2656,Gold,Random
41,CN,2656,Gold,Terran
41,CN,2656,Gold,Terran
41,CN,2656,Gold,Terran
41,CN,2656,Gold,Protoss
41,CN,2656,Gold,Terran
41,CN,2654,Gold,Zerg
41,CN,2654,Gold,Protoss
41,CN,2654,Gold,Protoss
41,CN,2654,Gold,Protoss
41,CN,2654,Gold,Terran
41,CN,2654,Gold,Protoss
41,CN,2654,Gold,Terran
41,CN,2654,Gold,Zerg
41,CN,2654,Gold,Protoss
41,CN,2654,Gold,Terran
41,CN,2654,Gold,Protoss
41,CN,2654,Gold,Terran
41,CN,2654,Gold,Protoss
41,CN,2654,Gold,Protoss
41,CN,2654,Gold,Terran
41,CN,2654,Gold,Protoss
41,CN,2654,Gold,Protoss
41,CN,2654,Gold,Zerg
41,CN,2654,Gold,Terran
41,CN,2654,Gold,Terran
41,CN,2654,Gold,Zerg
41,CN,2654,Gold,Terran
41,CN,2654,Gold,Zerg
41,CN,2654,Gold,Zerg
41,CN,2654,Gold,Zerg
41,CN,2654,Gold,Protoss
41,CN,2654,Gold,Zerg
41,CN,2654,Gold,Terran
41,CN,2654,Gold,Protoss
41,CN,2654,Gold,Terran
41,CN,2654,Gold,Terran
41,CN,2654,Gold,Protoss
41,CN,2654,Gold,Terran
41,CN,2654,Gold,Random
41,CN,2654,Gold,Terran
41,CN,2654,Gold,Protoss
41,CN,2654,Gold,Zerg
41,CN,2654,Gold,Protoss
41,CN,2654,Gold,Random
41,CN,2654,Gold,Zerg
41,CN,2654,Gold,Protoss
41,CN,2654,Gold,Terran
41,CN,2654,Gold,Zerg
41,CN,2654,Gold,Zerg
41,CN,2654,Gold,Terran
41,CN,2654,Gold,Protoss
41,CN,2654,Gold,Protoss
41,CN,2654,Gold,Protoss
41,CN,2654,Gold,Terran
41,CN,2654,Gold,Zerg
41,CN,2654,Gold,Protoss
41,CN,2654,Gold,Protoss
41,CN,2654,Gold,Protoss
41,CN,2654,Gold,Random
41,CN,2654,Gold,Terran
41,CN,2654,Gold,Terran
41,CN,2654,Gold,Zerg
41,CN,2654,Gold,Protoss
41,CN,2654,Gold,Terran
41,CN,2654,Gold,Terran
41,CN,2654,Gold,Zerg
41,CN,2654,Gold,Terran
41,CN,2654,Gold,Zerg
41,CN,2654,Gold,Terran
41,CN,2654,Gold,Random
41,CN,2654,Gold,Terran
41,CN,2654,Gold,Zerg
41,CN,2654,Gold,Zerg
41,CN,2654,Gold,Zerg
41,CN,2654,Gold,Protoss
41,CN,2654,Gold,Terran
41,CN,2653,Gold,Terran
41,CN,2653,Gold,Terran
41,CN,2653,Gold,Protoss
41,CN,2653,Gold,Terran
41,CN,2653,Gold,Random
41,CN,2653,Gold,Random
41,CN,2653,Gold,Terran
41,CN,2653,Gold,Protoss
41,CN,2653,Gold,Terran
41,CN,2653,Gold,Random
41,CN,2653,Gold,Terran
41,CN,2653,Gold,Protoss
41,CN,2653,Gold,Zerg
41,CN,2653,Gold,Zerg
41,CN,2653,Gold,Terran
41,CN,2653,Gold,Protoss
41,CN,2653,Gold,Terran
41,CN,2653,Gold,Zerg
41,CN,2653,Gold,Protoss
41,CN,2653,Gold,Protoss
41,CN,2653,Gold,Terran
41,CN,2653,Gold,Terran
41,CN,2653,Gold,Terran
41,CN,2653,Gold,Zerg
41,CN,2653,Gold,Zerg
41,CN,2653,Gold,Terran
41,CN,2653,Gold,Random
41,CN,2653,Gold,Zerg
41,CN,2653,Gold,Protoss
41,CN,2651,Gold,Protoss
41,CN,2651,Gold,Zerg
41,CN,2651,Gold,Terran
41,CN,2651,Gold,Zerg
41,CN,2651,Gold,Zerg
41,CN,2651,Gold,Random
41,CN,2651,Gold,Protoss
41,CN,2651,Gold,Protoss
41,CN,2651,Gold,Protoss
41,CN,2651,Gold,Protoss
41,CN,2651,Gold,Protoss
41,CN,2651,Gold,Protoss
41,CN,2651,Gold,Random
41,CN,2651,Gold,Random
41,CN,2651,Gold,Zerg
41,CN,2651,Gold,Terran
41,CN,2651,Gold,Random
41,CN,2651,Gold,Protoss
41,CN,2651,Gold,Terran
41,CN,2651,Gold,Protoss
41,CN,2651,Gold,Terran
41,CN,2651,Gold,Protoss
41,CN,2651,Gold,Terran
41,CN,2651,Gold,Zerg
41,CN,2651,Gold,Random
41,CN,2651,Gold,Protoss
41,CN,2651,Gold,Zerg
41,CN,2651,Gold,Zerg
41,CN,2651,Gold,Random
41,CN,2651,Gold,Terran
41,CN,2651,Gold,Protoss
41,CN,2651,Gold,Protoss
41,CN,2651,Gold,Protoss
41,CN,2651,Gold,Terran
41,CN,2651,Gold,Protoss
41,CN,2651,Gold,Terran
41,CN,2651,Gold,Terran
41,CN,2651,Gold,Terran
41,CN,2651,Gold,Protoss
41,CN,2651,Gold,Zerg
41,CN,2651,Gold,Zerg
41,CN,2651,Gold,Terran
41,CN,2651,Gold,Zerg
41,CN,2651,Gold,Protoss
41,CN,2651,Gold,Terran
41,CN,2651,Gold,Protoss
41,CN,2651,Gold,Zerg
41,CN,2651,Gold,Terran
41,CN,2651,Gold,Terran
41,CN,2651,Gold,Protoss
41,CN,2651,Gold,Protoss
41,CN,2651,Gold,Protoss
41,CN,2651,Gold,Zerg
41,CN,2651,Gold,Protoss
41,CN,2651,Gold,Zerg
41,CN,2651,Gold,Zerg
41,CN,2651,Gold,Protoss
41,CN,2651,Gold,Zerg
41,CN,2651,Gold,Zerg
41,CN,2651,Gold,Protoss
41,CN,2651,Gold,Terran
41,CN,2651,Gold,Terran
41,CN,2651,Gold,Zerg
41,CN,2651,Gold,Terran
41,CN,2651,Gold,Terran
41,CN,2651,Gold,Zerg
41,CN,2651,Gold,Protoss
41,CN,2651,Gold,Terran
41,CN,2651,Gold,Protoss
41,CN,2651,Gold,Protoss
41,CN,2651,Gold,Protoss
41,CN,2651,Gold,Zerg
41,CN,2651,Gold,Zerg
41,CN,2651,Gold,Terran
41,CN,2651,Gold,Terran
41,CN,2651,Gold,Protoss
41,CN,2651,Gold,Random
41,CN,2651,Gold,Terran
41,CN,2651,Gold,Random
41,CN,2651,Gold,Terran
41,CN,2651,Gold,Zerg
41,CN,2651,Gold,Protoss
41,CN,2650,Gold,Zerg
41,CN,2650,Gold,Protoss
41,CN,2650,Gold,Random
41,CN,2650,Gold,Protoss
41,CN,2650,Gold,Terran
41,CN,2650,Gold,Protoss
41,CN,2650,Gold,Terran
41,CN,2650,Gold,Terran
41,CN,2650,Gold,Terran
41,CN,2650,Gold,Protoss
41,CN,2650,Gold,Terran
41,CN,2650,Gold,Protoss
41,CN,2650,Gold,Terran
41,CN,2650,Gold,Protoss
41,CN,2650,Gold,Protoss
41,CN,2650,Gold,Terran
41,CN,2650,Gold,Random
41,CN,2650,Gold,Protoss
41,CN,2648,Gold,Protoss
41,CN,2648,Gold,Random
41,CN,2648,Gold,Terran
41,CN,2648,Gold,Terran
41,CN,2648,Gold,Terran
41,CN,2648,Gold,Zerg
41,CN,2648,Gold,Terran
41,CN,2648,Gold,Protoss
41,CN,2648,Gold,Protoss
41,CN,2648,Gold,Protoss
41,CN,2648,Gold,Terran
41,CN,2648,Gold,Random
41,CN,2648,Gold,Protoss
41,CN,2648,Gold,Protoss
41,CN,2648,Gold,Protoss
41,CN,2648,Gold,Zerg
41,CN,2648,Gold,Terran
41,CN,2648,Gold,Random
41,CN,2648,Gold,Terran
41,CN,2648,Gold,Zerg
41,CN,2648,Gold,Zerg
41,CN,2648,Gold,Terran
41,CN,2648,Gold,Terran
41,CN,2648,Gold,Zerg
41,CN,2648,Gold,Terran
41,CN,2648,Gold,Protoss
41,CN,2648,Gold,Terran
41,CN,2648,Gold,Terran
41,CN,2648,Gold,Terran
41,CN,2648,Gold,Terran
41,CN,2648,Gold,Terran
41,CN,2648,Gold,Protoss
41,CN,2648,Gold,Terran
41,CN,2648,Gold,Random
41,CN,2648,Gold,Terran
41,CN,2648,Gold,Protoss
41,CN,2648,Gold,Zerg
41,CN,2648,Gold,Zerg
41,CN,2648,Gold,Protoss
41,CN,2648,Gold,Protoss
41,CN,2648,Gold,Terran
41,CN,2648,Gold,Zerg
41,CN,2648,Gold,Zerg
41,CN,2648,Gold,Protoss
41,CN,2648,Gold,Zerg
41,CN,2648,Gold,Protoss
41,CN,2648,Gold,Terran
41,CN,2648,Gold,Terran
41,CN,2648,Gold,Zerg
41,CN,2648,Gold,Terran
41,CN,2648,Gold,Terran
41,CN,2648,Gold,Zerg
41,CN,2648,Gold,Random
41,CN,2648,Gold,Random
41,CN,2648,Gold,Protoss
41,CN,2648,Gold,Protoss
41,CN,2648,Gold,Zerg
41,CN,2648,Gold,Terran
41,CN,2648,Gold,Terran
41,CN,2648,Gold,Zerg
41,CN,2648,Gold,Protoss
41,CN,2648,Gold,Terran
41,CN,2648,Gold,Protoss
41,CN,2647,Gold,Terran
41,CN,2647,Gold,Zerg
41,CN,2647,Gold,Zerg
41,CN,2647,Gold,Zerg
41,CN,2647,Gold,Random
41,CN,2647,Gold,Zerg
41,CN,2647,Gold,Protoss
41,CN,2647,Gold,Terran
41,CN,2647,Gold,Protoss
41,CN,2647,Gold,Terran
41,CN,2647,Gold,Terran
41,CN,2647,Gold,Protoss
41,CN,2647,Gold,Zerg
41,CN,2647,Gold,Protoss
41,CN,2647,Gold,Terran
41,CN,2647,Gold,Terran
41,CN,2647,Gold,Zerg
41,CN,2647,Gold,Protoss
41,CN,2647,Gold,Terran
41,CN,2647,Gold,Terran
41,CN,2647,Gold,Zerg
41,CN,2647,Gold,Terran
41,CN,2647,Gold,Zerg
41,CN,2647,Gold,Protoss
41,CN,2647,Gold,Protoss
41,CN,2647,Gold,Protoss
41,CN,2647,Gold,Terran
41,CN,2647,Gold,Zerg
41,CN,2647,Gold,Protoss
41,CN,2647,Gold,Protoss
41,CN,2647,Gold,Protoss
41,CN,2647,Gold,Zerg
41,CN,2647,Gold,Zerg
41,CN,2647,Gold,Terran
41,CN,2647,Gold,Zerg
41,CN,2647,Gold,Random
41,CN,2647,Gold,Protoss
41,CN,2645,Gold,Zerg
41,CN,2645,Gold,Terran
41,CN,2645,Gold,Zerg
41,CN,2645,Gold,Random
41,CN,2645,Gold,Random
41,CN,2645,Gold,Zerg
41,CN,2645,Gold,Random
41,CN,2645,Gold,Zerg
41,CN,2645,Gold,Protoss
41,CN,2645,Gold,Zerg
41,CN,2645,Gold,Terran
41,CN,2645,Gold,Terran
41,CN,2645,Gold,Terran
41,CN,2645,Gold,Terran
41,CN,2645,Gold,Zerg
41,CN,2645,Gold,Protoss
41,CN,2645,Gold,Zerg
41,CN,2645,Gold,Protoss
41,CN,2645,Gold,Terran
41,CN,2645,Gold,Terran
41,CN,2645,Gold,Terran
41,CN,2645,Gold,Terran
41,CN,2645,Gold,Protoss
41,CN,2645,Gold,Terran
41,CN,2645,Gold,Terran
41,CN,2645,Gold,Terran
41,CN,2645,Gold,Zerg
41,CN,2645,Gold,Terran
41,CN,2645,Gold,Terran
41,CN,2645,Gold,Terran
41,CN,2645,Gold,Protoss
41,CN,2645,Gold,Terran
41,CN,2645,Gold,Zerg
41,CN,2645,Gold,Zerg
41,CN,2645,Gold,Protoss
41,CN,2645,Gold,Zerg
41,CN,2645,Gold,Terran
41,CN,2645,Gold,Zerg
41,CN,2645,Gold,Zerg
41,CN,2645,Gold,Terran
41,CN,2645,Gold,Zerg
41,CN,2645,Gold,Protoss
41,CN,2645,Gold,Terran
41,CN,2645,Gold,Terran
41,CN,2645,Gold,Protoss
41,CN,2645,Gold,Terran
41,CN,2645,Gold,Zerg
41,CN,2645,Gold,Protoss
41,CN,2645,Gold,Terran
41,CN,2645,Gold,Terran
41,CN,2645,Gold,Terran
41,CN,2645,Gold,Protoss
41,CN,2645,Gold,Protoss
41,CN,2645,Gold,Zerg
41,CN,2645,Gold,Random
41,CN,2645,Gold,Terran
41,CN,2645,Gold,Terran
41,CN,2645,Gold,Terran
41,CN,2645,Gold,Protoss
41,CN,2645,Gold,Terran
41,CN,2645,Gold,Terran
41,CN,2645,Gold,Terran
41,CN,2645,Gold,Protoss
41,CN,2645,Gold,Terran
41,CN,2645,Gold,Protoss
41,CN,2645,Gold,Zerg
41,CN,2645,Gold,Terran
41,CN,2645,Gold,Terran
41,CN,2645,Gold,Protoss
41,CN,2645,Gold,Terran
41,CN,2645,Gold,Protoss
41,CN,2645,Gold,Terran
41,CN,2645,Gold,Protoss
41,CN,2645,Gold,Protoss
41,CN,2645,Gold,Terran
41,CN,2645,Gold,Protoss
41,CN,2645,Gold,Zerg
41,CN,2645,Gold,Protoss
41,CN,2645,Gold,Zerg
41,CN,2645,Gold,Terran
41,CN,2644,Gold,Zerg
41,CN,2644,Gold,Zerg
41,CN,2644,Gold,Protoss
41,CN,2644,Gold,Protoss
41,CN,2644,Gold,Zerg
41,CN,2644,Gold,Protoss
41,CN,2644,Gold,Terran
41,CN,2644,Gold,Zerg
41,CN,2644,Gold,Protoss
41,CN,2644,Gold,Terran
41,CN,2644,Gold,Terran
41,CN,2644,Gold,Protoss
41,CN,2644,Gold,Zerg
41,CN,2644,Gold,Protoss
41,CN,2644,Gold,Zerg
41,CN,2644,Gold,Zerg
41,CN,2644,Gold,Protoss
41,CN,2644,Gold,Zerg
41,CN,2644,Gold,Zerg
41,CN,2644,Gold,Protoss
41,CN,2642,Gold,Protoss
41,CN,2642,Gold,Protoss
41,CN,2642,Gold,Terran
41,CN,2642,Gold,Terran
41,CN,2642,Gold,Zerg
41,CN,2642,Gold,Protoss
41,CN,2642,Gold,Protoss
41,CN,2642,Gold,Terran
41,CN,2642,Gold,Zerg
41,CN,2642,Gold,Protoss
41,CN,2642,Gold,Protoss
41,CN,2642,Gold,Protoss
41,CN,2642,Gold,Terran
41,CN,2642,Gold,Terran
41,CN,2642,Gold,Zerg
41,CN,2642,Gold,Protoss
41,CN,2642,Gold,Zerg
41,CN,2642,Gold,Zerg
41,CN,2642,Gold,Protoss
41,CN,2642,Gold,Terran
41,CN,2642,Gold,Zerg
41,CN,2642,Gold,Protoss
41,CN,2642,Gold,Protoss
41,CN,2642,Gold,Zerg
41,CN,2642,Gold,Terran
41,CN,2642,Gold,Zerg
41,CN,2642,Gold,Terran
41,CN,2642,Gold,Terran
41,CN,2642,Gold,Terran
41,CN,2642,Gold,Protoss
41,CN,2642,Gold,Zerg
41,CN,2642,Gold,Protoss
41,CN,2642,Gold,Terran
41,CN,2642,Gold,Zerg
41,CN,2642,Gold,Terran
41,CN,2642,Gold,Terran
41,CN,2642,Gold,Protoss
41,CN,2642,Gold,Terran
41,CN,2642,Gold,Terran
41,CN,2642,Gold,Protoss
41,CN,2642,Gold,Zerg
41,CN,2642,Gold,Terran
41,CN,2642,Gold,Protoss
41,CN,2642,Gold,Protoss
41,CN,2642,Gold,Terran
41,CN,2642,Gold,Protoss
41,CN,2642,Gold,Terran
41,CN,2642,Gold,Zerg
41,CN,2642,Gold,Terran
41,CN,2642,Gold,Protoss
41,CN,2642,Gold,Protoss
41,CN,2642,Gold,Terran
41,CN,2642,Gold,Random
41,CN,2642,Gold,Terran
41,CN,2642,Gold,Protoss
41,CN,2642,Gold,Protoss
41,CN,2642,Gold,Protoss
41,CN,2642,Gold,Terran
41,CN,2642,Gold,Protoss
41,CN,2642,Gold,Protoss
41,CN,2642,Gold,Random
41,CN,2642,Gold,Random
41,CN,2642,Gold,Protoss
41,CN,2642,Gold,Protoss
41,CN,2642,Gold,Random
41,CN,2642,Gold,Zerg
41,CN,2642,Gold,Zerg
41,CN,2642,Gold,Zerg
41,CN,2642,Gold,Terran
41,CN,2642,Gold,Protoss
41,CN,2642,Gold,Terran
41,CN,2641,Gold,Terran
41,CN,2641,Gold,Zerg
41,CN,2641,Gold,Protoss
41,CN,2641,Gold,Terran
41,CN,2641,Gold,Random
41,CN,2641,Gold,Zerg
41,CN,2641,Gold,Terran
41,CN,2641,Gold,Terran
41,CN,2641,Gold,Random
41,CN,2641,Gold,Random
41,CN,2641,Gold,Terran
41,CN,2641,Gold,Protoss
41,CN,2641,Gold,Terran
41,CN,2641,Gold,Zerg
41,CN,2641,Gold,Protoss
41,CN,2641,Gold,Protoss
41,CN,2641,Gold,Random
41,CN,2641,Gold,Terran
41,CN,2641,Gold,Terran
41,CN,2641,Gold,Terran
41,CN,2641,Gold,Terran
41,CN,2641,Gold,Protoss
41,CN,2641,Gold,Zerg
41,CN,2641,Gold,Protoss
41,CN,2641,Gold,Terran
41,CN,2641,Gold,Terran
41,CN,2641,Gold,Zerg
41,CN,2641,Gold,Terran
41,CN,2641,Gold,Zerg
41,CN,2639,Gold,Protoss
41,CN,2639,Gold,Terran
41,CN,2639,Gold,Terran
41,CN,2639,Gold,Terran
41,CN,2639,Gold,Random
41,CN,2639,Gold,Protoss
41,CN,2639,Gold,Terran
41,CN,2639,Gold,Terran
41,CN,2639,Gold,Protoss
41,CN,2639,Gold,Protoss
41,CN,2639,Gold,Terran
41,CN,2639,Gold,Protoss
41,CN,2639,Gold,Terran
41,CN,2639,Gold,Protoss
41,CN,2639,Gold,Protoss
41,CN,2639,Gold,Zerg
41,CN,2639,Gold,Terran
41,CN,2639,Gold,Random
41,CN,2639,Gold,Terran
41,CN,2639,Gold,Terran
41,CN,2639,Gold,Terran
41,CN,2639,Gold,Terran
41,CN,2639,Gold,Zerg
41,CN,2639,Gold,Terran
41,CN,2639,Gold,Zerg
41,CN,2639,Gold,Terran
41,CN,2639,Gold,Zerg
41,CN,2639,Gold,Protoss
41,CN,2639,Gold,Terran
41,CN,2639,Gold,Zerg
41,CN,2639,Gold,Zerg
41,CN,2639,Gold,Terran
41,CN,2639,Gold,Terran
41,CN,2639,Gold,Protoss
41,CN,2639,Gold,Zerg
41,CN,2639,Gold,Protoss
41,CN,2639,Gold,Protoss
41,CN,2639,Gold,Protoss
41,CN,2639,Gold,Terran
41,CN,2639,Gold,Zerg
41,CN,2639,Gold,Terran
41,CN,2639,Gold,Protoss
41,CN,2639,Gold,Terran
41,CN,2639,Gold,Terran
41,CN,2639,Gold,Terran
41,CN,2639,Gold,Terran
41,CN,2639,Gold,Zerg
41,CN,2639,Gold,Terran
41,CN,2639,Gold,Protoss
41,CN,2639,Gold,Terran
41,CN,2639,Gold,Protoss
41,CN,2639,Gold,Terran
41,CN,2639,Gold,Random
41,CN,2639,Gold,Terran
41,CN,2639,Gold,Protoss
41,CN,2639,Gold,Terran
41,CN,2639,Gold,Zerg
41,CN,2639,Gold,Terran
41,CN,2639,Gold,Random
41,CN,2639,Gold,Zerg
41,CN,2639,Gold,Random
41,CN,2639,Gold,Protoss
41,CN,2639,Gold,Zerg
41,CN,2639,Gold,Protoss
41,CN,2639,Gold,Terran
41,CN,2639,Gold,Protoss
41,CN,2639,Gold,Zerg
41,CN,2639,Gold,Protoss
41,CN,2639,Gold,Protoss
41,CN,2639,Gold,Protoss
41,CN,2639,Gold,Terran
41,CN,2639,Gold,Zerg
41,CN,2639,Gold,Terran
41,CN,2639,Gold,Terran
41,CN,2639,Gold,Protoss
41,CN,2639,Gold,Terran
41,CN,2639,Gold,Terran
41,CN,2639,Gold,Protoss
41,CN,2639,Gold,Terran
41,CN,2639,Gold,Random
41,CN,2639,Gold,Zerg
41,CN,2639,Gold,Zerg
41,CN,2639,Gold,Terran
41,CN,2639,Gold,Protoss
41,CN,2638,Gold,Terran
41,CN,2638,Gold,Terran
41,CN,2638,Gold,Terran
41,CN,2638,Gold,Terran
41,CN,2638,Gold,Terran
41,CN,2638,Gold,Terran
41,CN,2638,Gold,Protoss
41,CN,2638,Gold,Zerg
41,CN,2638,Gold,Protoss
41,CN,2638,Gold,Terran
41,CN,2638,Gold,Protoss
41,CN,2638,Gold,Protoss
41,CN,2638,Gold,Zerg
41,CN,2638,Gold,Protoss
41,CN,2638,Gold,Random
41,CN,2638,Gold,Terran
41,CN,2636,Gold,Zerg
41,CN,2636,Gold,Protoss
41,CN,2636,Gold,Terran
41,CN,2636,Gold,Zerg
41,CN,2636,Gold,Protoss
41,CN,2636,Gold,Random
41,CN,2636,Gold,Protoss
41,CN,2636,Gold,Random
41,CN,2636,Gold,Protoss
41,CN,2636,Gold,Terran
41,CN,2636,Gold,Terran
41,CN,2636,Gold,Terran
41,CN,2636,Gold,Terran
41,CN,2636,Gold,Protoss
41,CN,2636,Gold,Protoss
41,CN,2636,Gold,Terran
41,CN,2636,Gold,Random
41,CN,2636,Gold,Terran
41,CN,2636,Gold,Random
41,CN,2636,Gold,Protoss
41,CN,2636,Gold,Zerg
41,CN,2636,Gold,Zerg
41,CN,2636,Gold,Terran
41,CN,2636,Gold,Random
41,CN,2636,Gold,Protoss
41,CN,2636,Gold,Zerg
41,CN,2636,Gold,Protoss
41,CN,2636,Gold,Protoss
41,CN,2636,Gold,Protoss
41,CN,2636,Gold,Protoss
41,CN,2636,Gold,Protoss
41,CN,2636,Gold,Terran
41,CN,2636,Gold,Protoss
41,CN,2636,Gold,Zerg
41,CN,2636,Gold,Protoss
41,CN,2636,Gold,Zerg
41,CN,2636,Gold,Random
41,CN,2636,Gold,Terran
41,CN,2636,Gold,Protoss
41,CN,2636,Gold,Random
41,CN,2636,Gold,Terran
41,CN,2636,Gold,Protoss
41,CN,2636,Gold,Protoss
41,CN,2636,Gold,Protoss
41,CN,2636,Gold,Terran
41,CN,2636,Gold,Protoss
41,CN,2636,Gold,Protoss
41,CN,2636,Gold,Protoss
41,CN,2636,Gold,Protoss
41,CN,2636,Gold,Terran
41,CN,2636,Gold,Terran
41,CN,2636,Gold,Protoss
41,CN,2636,Gold,Terran
41,CN,2636,Gold,Terran
41,CN,2636,Gold,Terran
41,CN,2636,Gold,Terran
41,CN,2636,Gold,Terran
41,CN,2636,Gold,Terran
41,CN,2636,Gold,Zerg
41,CN,2636,Gold,Protoss
41,CN,2636,Gold,Protoss
41,CN,2636,Gold,Protoss
41,CN,2636,Gold,Zerg
41,CN,2636,Gold,Zerg
41,CN,2636,Gold,Terran
41,CN,2636,Gold,Protoss
41,CN,2636,Gold,Zerg
41,CN,2636,Gold,Protoss
41,CN,2636,Gold,Protoss
41,CN,2636,Gold,Terran
41,CN,2636,Gold,Terran
41,CN,2636,Gold,Protoss
41,CN,2636,Gold,Protoss
41,CN,2636,Gold,Terran
41,CN,2636,Gold,Zerg
41,CN,2636,Gold,Protoss
41,CN,2636,Gold,Terran
41,CN,2636,Gold,Terran
41,CN,2636,Gold,Protoss
41,CN,2636,Gold,Protoss
41,CN,2636,Gold,Protoss
41,CN,2636,Gold,Protoss
41,CN,2636,Gold,Protoss
41,CN,2636,Gold,Terran
41,CN,2636,Gold,Protoss
41,CN,2635,Gold,Protoss
41,CN,2635,Gold,Protoss
41,CN,2635,Gold,Protoss
41,CN,2635,Gold,Zerg
41,CN,2635,Gold,Protoss
41,CN,2635,Gold,Protoss
41,CN,2635,Gold,Zerg
41,CN,2635,Gold,Terran
41,CN,2635,Gold,Zerg
41,CN,2635,Gold,Zerg
41,CN,2635,Gold,Terran
41,CN,2635,Gold,Terran
41,CN,2635,Gold,Protoss
41,CN,2635,Gold,Random
41,CN,2635,Gold,Protoss
41,CN,2633,Gold,Protoss
41,CN,2633,Gold,Terran
41,CN,2633,Gold,Terran
41,CN,2633,Gold,Protoss
41,CN,2633,Gold,Zerg
41,CN,2633,Gold,Zerg
41,CN,2633,Gold,Protoss
41,CN,2633,Gold,Terran
41,CN,2633,Gold,Zerg
41,CN,2633,Gold,Zerg
41,CN,2633,Gold,Terran
41,CN,2633,Gold,Terran
41,CN,2633,Gold,Protoss
41,CN,2633,Gold,Zerg
41,CN,2633,Gold,Terran
41,CN,2633,Gold,Random
41,CN,2633,Gold,Protoss
41,CN,2633,Gold,Protoss
41,CN,2633,Gold,Protoss
41,CN,2633,Gold,Zerg
41,CN,2633,Gold,Protoss
41,CN,2633,Gold,Zerg
41,CN,2633,Gold,Terran
41,CN,2633,Gold,Zerg
41,CN,2633,Gold,Zerg
41,CN,2633,Gold,Protoss
41,CN,2633,Gold,Zerg
41,CN,2633,Gold,Random
41,CN,2633,Gold,Protoss
41,CN,2633,Gold,Terran
41,CN,2633,Gold,Protoss
41,CN,2633,Gold,Protoss
41,CN,2633,Gold,Zerg
41,CN,2633,Gold,Terran
41,CN,2633,Gold,Terran
41,CN,2633,Gold,Protoss
41,CN,2633,Gold,Protoss
41,CN,2633,Gold,Zerg
41,CN,2633,Gold,Terran
41,CN,2633,Gold,Terran
41,CN,2633,Gold,Terran
41,CN,2633,Gold,Zerg
41,CN,2633,Gold,Protoss
41,CN,2633,Gold,Terran
41,CN,2633,Gold,Zerg
41,CN,2633,Gold,Terran
41,CN,2633,Gold,Protoss
41,CN,2633,Gold,Protoss
41,CN,2633,Gold,Zerg
41,CN,2633,Gold,Protoss
41,CN,2633,Gold,Zerg
41,CN,2633,Gold,Protoss
41,CN,2633,Gold,Zerg
41,CN,2633,Gold,Protoss
41,CN,2633,Gold,Terran
41,CN,2633,Gold,Protoss
41,CN,2633,Gold,Terran
41,CN,2633,Gold,Terran
41,CN,2633,Gold,Zerg
41,CN,2633,Gold,Zerg
41,CN,2633,Gold,Terran
41,CN,2633,Gold,Zerg
41,CN,2633,Gold,Random
41,CN,2633,Gold,Protoss
41,CN,2633,Gold,Protoss
41,CN,2633,Gold,Zerg
41,CN,2633,Gold,Terran
41,CN,2632,Gold,Terran
41,CN,2632,Gold,Random
41,CN,2632,Gold,Protoss
41,CN,2632,Gold,Zerg
41,CN,2632,Gold,Terran
41,CN,2632,Gold,Protoss
41,CN,2632,Gold,Protoss
41,CN,2632,Gold,Zerg
41,CN,2632,Gold,Terran
41,CN,2632,Gold,Random
41,CN,2632,Gold,Terran
41,CN,2632,Gold,Zerg
41,CN,2632,Gold,Terran
41,CN,2632,Gold,Protoss
41,CN,2632,Gold,Protoss
41,CN,2632,Gold,Terran
41,CN,2632,Gold,Zerg
41,CN,2632,Gold,Terran
41,CN,2632,Gold,Terran
41,CN,2632,Gold,Terran
41,CN,2632,Gold,Protoss
41,CN,2632,Gold,Terran
41,CN,2632,Gold,Protoss
41,CN,2632,Gold,Zerg
41,CN,2632,Gold,Terran
41,CN,2632,Gold,Protoss
41,CN,2632,Gold,Protoss
41,CN,2632,Gold,Zerg
41,CN,2632,Gold,Terran
41,CN,2632,Gold,Terran
41,CN,2632,Gold,Protoss
41,CN,2632,Gold,Protoss
41,CN,2632,Gold,Protoss
41,CN,2630,Gold,Terran
41,CN,2630,Gold,Random
41,CN,2630,Gold,Zerg
41,CN,2630,Gold,Protoss
41,CN,2630,Gold,Protoss
41,CN,2630,Gold,Protoss
41,CN,2630,Gold,Terran
41,CN,2630,Gold,Zerg
41,CN,2630,Gold,Protoss
41,CN,2630,Gold,Random
41,CN,2630,Gold,Zerg
41,CN,2630,Gold,Protoss
41,CN,2630,Gold,Zerg
41,CN,2630,Gold,Random
41,CN,2630,Gold,Terran
41,CN,2630,Gold,Terran
41,CN,2630,Gold,Protoss
41,CN,2630,Gold,Protoss
41,CN,2630,Gold,Terran
41,CN,2630,Gold,Protoss
41,CN,2630,Gold,Zerg
41,CN,2630,Gold,Zerg
41,CN,2630,Gold,Zerg
41,CN,2630,Gold,Terran
41,CN,2630,Gold,Protoss
41,CN,2630,Gold,Protoss
41,CN,2630,Gold,Terran
41,CN,2630,Gold,Protoss
41,CN,2630,Gold,Terran
41,CN,2630,Gold,Protoss
41,CN,2630,Gold,Zerg
41,CN,2630,Gold,Protoss
41,CN,2630,Gold,Terran
41,CN,2630,Gold,Protoss
41,CN,2630,Gold,Protoss
41,CN,2630,Gold,Protoss
41,CN,2630,Gold,Protoss
41,CN,2630,Gold,Zerg
41,CN,2630,Gold,Zerg
41,CN,2630,Gold,Protoss
41,CN,2630,Gold,Terran
41,CN,2630,Gold,Terran
41,CN,2630,Gold,Zerg
41,CN,2630,Gold,Protoss
41,CN,2630,Gold,Zerg
41,CN,2630,Gold,Protoss
41,CN,2630,Gold,Terran
41,CN,2630,Gold,Protoss
41,CN,2630,Gold,Terran
41,CN,2630,Gold,Zerg
41,CN,2630,Gold,Protoss
41,CN,2630,Gold,Protoss
41,CN,2630,Gold,Zerg
41,CN,2630,Gold,Protoss
41,CN,2630,Gold,Zerg
41,CN,2630,Gold,Random
41,CN,2630,Gold,Terran
41,CN,2630,Gold,Zerg
41,CN,2630,Gold,Protoss
41,CN,2630,Gold,Terran
41,CN,2630,Gold,Terran
41,CN,2630,Gold,Terran
41,CN,2630,Gold,Terran
41,CN,2630,Gold,Terran
41,CN,2630,Gold,Terran
41,CN,2630,Gold,Terran
41,CN,2630,Gold,Zerg
41,CN,2630,Gold,Protoss
41,CN,2630,Gold,Terran
41,CN,2630,Gold,Protoss
41,CN,2630,Gold,Protoss
41,CN,2630,Gold,Terran
41,CN,2630,Gold,Random
41,CN,2630,Gold,Zerg
41,CN,2630,Gold,Protoss
41,CN,2630,Gold,Protoss
41,CN,2630,Gold,Protoss
41,CN,2630,Gold,Protoss
41,CN,2630,Gold,Zerg
41,CN,2630,Gold,Random
41,CN,2630,Gold,Zerg
41,CN,2629,Gold,Protoss
41,CN,2629,Gold,Terran
41,CN,2629,Gold,Terran
41,CN,2629,Gold,Terran
41,CN,2629,Gold,Terran
41,CN,2629,Gold,Terran
41,CN,2629,Gold,Zerg
41,CN,2629,Gold,Protoss
41,CN,2629,Gold,Protoss
41,CN,2629,Gold,Zerg
41,CN,2629,Gold,Random
41,CN,2629,Gold,Protoss
41,CN,2629,Gold,Terran
41,CN,2629,Gold,Protoss
41,CN,2629,Gold,Terran
41,CN,2629,Gold,Zerg
41,CN,2629,Gold,Zerg
41,CN,2629,Gold,Protoss
41,CN,2629,Gold,Zerg
41,CN,2627,Gold,Zerg
41,CN,2627,Gold,Terran
41,CN,2627,Gold,Protoss
41,CN,2627,Gold,Terran
41,CN,2627,Gold,Terran
41,CN,2627,Gold,Terran
41,CN,2627,Gold,Zerg
41,CN,2627,Gold,Protoss
41,CN,2627,Gold,Protoss
41,CN,2627,Gold,Zerg
41,CN,2627,Gold,Random
41,CN,2627,Gold,Terran
41,CN,2627,Gold,Protoss
41,CN,2627,Gold,Protoss
41,CN,2627,Gold,Protoss
41,CN,2627,Gold,Terran
41,CN,2627,Gold,Zerg
41,CN,2627,Gold,Protoss
41,CN,2627,Gold,Terran
41,CN,2627,Gold,Terran
41,CN,2627,Gold,Protoss
41,CN,2627,Gold,Zerg
41,CN,2627,Gold,Protoss
41,CN,2627,Gold,Protoss
41,CN,2627,Gold,Terran
41,CN,2627,Gold,Protoss
41,CN,2627,Gold,Random
41,CN,2627,Gold,Zerg
41,CN,2627,Gold,Protoss
41,CN,2627,Gold,Terran
41,CN,2627,Gold,Zerg
41,CN,2627,Gold,Protoss
41,CN,2627,Gold,Zerg
41,CN,2627,Gold,Terran
41,CN,2627,Gold,Protoss
41,CN,2627,Gold,Protoss
41,CN,2627,Gold,Terran
41,CN,2627,Gold,Protoss
41,CN,2627,Gold,Protoss
41,CN,2627,Gold,Random
41,CN,2627,Gold,Protoss
41,CN,2627,Gold,Random
41,CN,2627,Gold,Zerg
41,CN,2627,Gold,Terran
41,CN,2627,Gold,Zerg
41,CN,2627,Gold,Terran
41,CN,2627,Gold,Terran
41,CN,2627,Gold,Protoss
41,CN,2627,Gold,Terran
41,CN,2627,Gold,Terran
41,CN,2627,Gold,Zerg
41,CN,2627,Gold,Terran
41,CN,2627,Gold,Protoss
41,CN,2627,Gold,Random
41,CN,2627,Gold,Random
41,CN,2627,Gold,Random
41,CN,2627,Gold,Terran
41,CN,2627,Gold,Terran
41,CN,2627,Gold,Protoss
41,CN,2627,Gold,Terran
41,CN,2627,Gold,Zerg
41,CN,2627,Gold,Terran
41,CN,2627,Gold,Random
41,CN,2627,Gold,Protoss
41,CN,2627,Gold,Terran
41,CN,2627,Gold,Terran
41,CN,2627,Gold,Terran
41,CN,2627,Gold,Zerg
41,CN,2627,Gold,Zerg
41,CN,2627,Gold,Protoss
41,CN,2627,Gold,Protoss
41,CN,2627,Gold,Terran
41,CN,2627,Gold,Terran
41,CN,2626,Gold,Zerg
41,CN,2626,Gold,Zerg
41,CN,2626,Gold,Protoss
41,CN,2626,Gold,Protoss
41,CN,2626,Gold,Protoss
41,CN,2626,Gold,Terran
41,CN,2626,Gold,Protoss
41,CN,2626,Gold,Terran
41,CN,2626,Gold,Terran
41,CN,2626,Gold,Terran
41,CN,2626,Gold,Protoss
41,CN,2626,Gold,Protoss
41,CN,2626,Gold,Protoss
41,CN,2626,Gold,Zerg
41,CN,2626,Gold,Protoss
41,CN,2626,Gold,Protoss
41,CN,2626,Gold,Terran
41,CN,2626,Gold,Protoss
41,CN,2626,Gold,Zerg
41,CN,2626,Gold,Terran
41,CN,2626,Gold,Zerg
41,CN,2626,Gold,Protoss
41,CN,2626,Gold,Terran
41,CN,2626,Gold,Protoss
41,CN,2626,Gold,Zerg
41,CN,2626,Gold,Terran
41,CN,2626,Gold,Terran
41,CN,2624,Gold,Protoss
41,CN,2624,Gold,Protoss
41,CN,2624,Gold,Protoss
41,CN,2624,Gold,Terran
41,CN,2624,Gold,Protoss
41,CN,2624,Gold,Zerg
41,CN,2624,Gold,Random
41,CN,2624,Gold,Protoss
41,CN,2624,Gold,Zerg
41,CN,2624,Gold,Terran
41,CN,2624,Gold,Terran
41,CN,2624,Gold,Protoss
41,CN,2624,Gold,Protoss
41,CN,2624,Gold,Zerg
41,CN,2624,Gold,Zerg
41,CN,2624,Gold,Protoss
41,CN,2624,Gold,Terran
41,CN,2624,Gold,Zerg
41,CN,2624,Gold,Terran
41,CN,2624,Gold,Random
41,CN,2624,Gold,Protoss
41,CN,2624,Gold,Zerg
41,CN,2624,Gold,Terran
41,CN,2624,Gold,Protoss
41,CN,2624,Gold,Random
41,CN,2624,Gold,Terran
41,CN,2624,Gold,Zerg
41,CN,2624,Gold,Terran
41,CN,2624,Gold,Protoss
41,CN,2624,Gold,Protoss
41,CN,2624,Gold,Terran
41,CN,2624,Gold,Protoss
41,CN,2624,Gold,Zerg
41,CN,2624,Gold,Terran
41,CN,2624,Gold,Protoss
41,CN,2624,Gold,Terran
41,CN,2624,Gold,Terran
41,CN,2624,Gold,Protoss
41,CN,2624,Gold,Zerg
41,CN,2624,Gold,Terran
41,CN,2624,Gold,Zerg
41,CN,2624,Gold,Terran
41,CN,2624,Gold,Random
41,CN,2624,Gold,Protoss
41,CN,2624,Gold,Zerg
41,CN,2624,Gold,Random
41,CN,2624,Gold,Protoss
41,CN,2624,Gold,Zerg
41,CN,2624,Gold,Terran
41,CN,2624,Gold,Terran
41,CN,2624,Gold,Terran
41,CN,2624,Gold,Zerg
41,CN,2624,Gold,Terran
41,CN,2624,Gold,Protoss
41,CN,2624,Gold,Terran
41,CN,2624,Gold,Terran
41,CN,2624,Gold,Zerg
41,CN,2624,Gold,Terran
41,CN,2624,Gold,Terran
41,CN,2624,Gold,Terran
41,CN,2624,Gold,Terran
41,CN,2624,Gold,Zerg
41,CN,2624,Gold,Protoss
41,CN,2624,Gold,Terran
41,CN,2624,Gold,Protoss
41,CN,2624,Gold,Zerg
41,CN,2624,Gold,Zerg
41,CN,2624,Gold,Protoss
41,CN,2624,Gold,Zerg
41,CN,2623,Gold,Protoss
41,CN,2623,Gold,Protoss
41,CN,2623,Gold,Random
41,CN,2623,Gold,Protoss
41,CN,2623,Gold,Terran
41,CN,2623,Gold,Protoss
41,CN,2623,Gold,Protoss
41,CN,2623,Gold,Zerg
41,CN,2623,Gold,Protoss
41,CN,2623,Gold,Protoss
41,CN,2623,Gold,Protoss
41,CN,2623,Gold,Zerg
41,CN,2623,Gold,Protoss
41,CN,2623,Gold,Zerg
41,CN,2623,Gold,Protoss
41,CN,2623,Gold,Zerg
41,CN,2623,Gold,Zerg
41,CN,2623,Gold,Zerg
41,CN,2623,Gold,Zerg
41,CN,2623,Gold,Terran
41,CN,2623,Gold,Terran
41,CN,2623,Gold,Zerg
41,CN,2623,Gold,Terran
41,CN,2623,Gold,Terran
41,CN,2623,Gold,Protoss
41,CN,2623,Gold,Terran
41,CN,2623,Gold,Random
41,CN,2623,Gold,Protoss
41,CN,2623,Gold,Zerg
41,CN,2623,Gold,Zerg
41,CN,2623,Gold,Terran
41,CN,2621,Gold,Protoss
41,CN,2621,Gold,Terran
41,CN,2621,Gold,Random
41,CN,2621,Gold,Protoss
41,CN,2621,Gold,Zerg
41,CN,2621,Gold,Protoss
41,CN,2621,Gold,Zerg
41,CN,2621,Gold,Protoss
41,CN,2621,Gold,Protoss
41,CN,2621,Gold,Terran
41,CN,2621,Gold,Terran
41,CN,2621,Gold,Zerg
41,CN,2621,Gold,Zerg
41,CN,2621,Gold,Terran
41,CN,2621,Gold,Terran
41,CN,2621,Gold,Terran
41,CN,2621,Gold,Zerg
41,CN,2621,Gold,Protoss
41,CN,2621,Gold,Zerg
41,CN,2621,Gold,Terran
41,CN,2621,Gold,Terran
41,CN,2621,Gold,Protoss
41,CN,2621,Gold,Zerg
41,CN,2621,Gold,Protoss
41,CN,2621,Gold,Protoss
41,CN,2621,Gold,Zerg
41,CN,2621,Gold,Protoss
41,CN,2621,Gold,Zerg
41,CN,2621,Gold,Zerg
41,CN,2621,Gold,Random
41,CN,2621,Gold,Terran
41,CN,2621,Gold,Zerg
41,CN,2621,Gold,Terran
41,CN,2621,Gold,Zerg
41,CN,2621,Gold,Zerg
41,CN,2621,Gold,Terran
41,CN,2621,Gold,Terran
41,CN,2621,Gold,Random
41,CN,2621,Gold,Protoss
41,CN,2621,Gold,Terran
41,CN,2621,Gold,Protoss
41,CN,2621,Gold,Protoss
41,CN,2621,Gold,Zerg
41,CN,2621,Gold,Terran
41,CN,2621,Gold,Protoss
41,CN,2621,Gold,Protoss
41,CN,2621,Gold,Zerg
41,CN,2621,Gold,Terran
41,CN,2621,Gold,Terran
41,CN,2621,Gold,Terran
41,CN,2621,Gold,Protoss
41,CN,2621,Gold,Terran
41,CN,2621,Gold,Protoss
41,CN,2621,Gold,Zerg
41,CN,2621,Gold,Zerg
41,CN,2621,Gold,Terran
41,CN,2621,Gold,Zerg
41,CN,2621,Gold,Terran
41,CN,2621,Gold,Terran
41,CN,2621,Gold,Zerg
41,CN,2621,Gold,Zerg
41,CN,2621,Gold,Random
41,CN,2621,Gold,Zerg
41,CN,2621,Gold,Terran
41,CN,2621,Gold,Terran
41,CN,2621,Gold,Terran
41,CN,2621,Gold,Protoss
41,CN,2621,Gold,Terran
41,CN,2620,Gold,Terran
41,CN,2620,Gold,Protoss
41,CN,2620,Gold,Terran
41,CN,2620,Gold,Protoss
41,CN,2620,Gold,Terran
41,CN,2620,Gold,Protoss
41,CN,2620,Gold,Terran
41,CN,2620,Gold,Zerg
41,CN,2620,Gold,Protoss
41,CN,2620,Gold,Protoss
41,CN,2620,Gold,Terran
41,CN,2620,Gold,Zerg
41,CN,2620,Gold,Protoss
41,CN,2620,Gold,Protoss
41,CN,2620,Gold,Terran
41,CN,2620,Gold,Random
41,CN,2620,Gold,Zerg
41,CN,2620,Gold,Zerg
41,CN,2620,Gold,Terran
41,CN,2620,Gold,Terran
41,CN,2620,Gold,Zerg
41,CN,2620,Gold,Protoss
41,CN,2620,Gold,Protoss
41,CN,2620,Gold,Zerg
41,CN,2620,Gold,Protoss
41,CN,2620,Gold,Random
41,CN,2620,Gold,Terran
41,CN,2620,Gold,Zerg
41,CN,2620,Gold,Terran
41,CN,2620,Gold,Protoss
41,CN,2620,Gold,Protoss
41,CN,2620,Gold,Random
41,CN,2618,Gold,Zerg
41,CN,2618,Gold,Zerg
41,CN,2618,Gold,Protoss
41,CN,2618,Gold,Terran
41,CN,2618,Gold,Protoss
41,CN,2618,Gold,Zerg
41,CN,2618,Gold,Protoss
41,CN,2618,Gold,Random
41,CN,2618,Gold,Terran
41,CN,2618,Gold,Terran
41,CN,2618,Gold,Protoss
41,CN,2618,Gold,Zerg
41,CN,2618,Gold,Terran
41,CN,2618,Gold,Zerg
41,CN,2618,Gold,Terran
41,CN,2618,Gold,Terran
41,CN,2618,Gold,Protoss
41,CN,2618,Gold,Terran
41,CN,2618,Gold,Zerg
41,CN,2618,Gold,Protoss
41,CN,2618,Gold,Zerg
41,CN,2618,Gold,Zerg
41,CN,2618,Gold,Protoss
41,CN,2618,Gold,Zerg
41,CN,2618,Gold,Terran
41,CN,2618,Gold,Protoss
41,CN,2618,Gold,Zerg
41,CN,2618,Gold,Protoss
41,CN,2618,Gold,Terran
41,CN,2618,Gold,Zerg
41,CN,2618,Gold,Protoss
41,CN,2618,Gold,Terran
41,CN,2618,Gold,Protoss
41,CN,2618,Gold,Terran
41,CN,2618,Gold,Protoss
41,CN,2618,Gold,Terran
41,CN,2618,Gold,Zerg
41,CN,2618,Gold,Protoss
41,CN,2618,Gold,Protoss
41,CN,2618,Gold,Random
41,CN,2618,Gold,Terran
41,CN,2618,Gold,Terran
41,CN,2618,Gold,Terran
41,CN,2618,Gold,Protoss
41,CN,2618,Gold,Terran
41,CN,2618,Gold,Zerg
41,CN,2618,Gold,Terran
41,CN,2618,Gold,Terran
41,CN,2618,Gold,Terran
41,CN,2618,Gold,Zerg
41,CN,2618,Gold,Terran
41,CN,2618,Gold,Zerg
41,CN,2618,Gold,Random
41,CN,2618,Gold,Terran
41,CN,2618,Gold,Zerg
41,CN,2618,Gold,Zerg
41,CN,2618,Gold,Zerg
41,CN,2618,Gold,Zerg
41,CN,2618,Gold,Terran
41,CN,2618,Gold,Terran
41,CN,2618,Gold,Terran
41,CN,2618,Gold,Zerg
41,CN,2618,Gold,Protoss
41,CN,2618,Gold,Protoss
41,CN,2618,Gold,Terran
41,CN,2618,Gold,Protoss
41,CN,2618,Gold,Zerg
41,CN,2618,Gold,Terran
41,CN,2618,Gold,Zerg
41,CN,2618,Gold,Terran
41,CN,2618,Gold,Zerg
41,CN,2618,Gold,Terran
41,CN,2618,Gold,Zerg
41,CN,2618,Gold,Zerg
41,CN,2617,Gold,Zerg
41,CN,2617,Gold,Protoss
41,CN,2617,Gold,Terran
41,CN,2617,Gold,Protoss
41,CN,2617,Gold,Protoss
41,CN,2617,Gold,Protoss
41,CN,2617,Gold,Terran
41,CN,2617,Gold,Protoss
41,CN,2617,Gold,Zerg
41,CN,2617,Gold,Terran
41,CN,2617,Gold,Terran
41,CN,2617,Gold,Zerg
41,CN,2617,Gold,Terran
41,CN,2617,Gold,Zerg
41,CN,2617,Gold,Protoss
41,CN,2617,Gold,Zerg
41,CN,2617,Gold,Protoss
41,CN,2617,Gold,Protoss
41,CN,2617,Gold,Zerg
41,CN,2617,Gold,Zerg
41,CN,2617,Gold,Zerg
41,CN,2617,Gold,Protoss
41,CN,2617,Gold,Terran
41,CN,2617,Gold,Terran
41,CN,2617,Gold,Protoss
41,CN,2617,Gold,Terran
41,CN,2615,Gold,Terran
41,CN,2615,Gold,Terran
41,CN,2615,Gold,Random
41,CN,2615,Gold,Zerg
41,CN,2615,Gold,Zerg
41,CN,2615,Gold,Protoss
41,CN,2615,Gold,Zerg
41,CN,2615,Gold,Protoss
41,CN,2615,Gold,Terran
41,CN,2615,Gold,Terran
41,CN,2615,Gold,Zerg
41,CN,2615,Gold,Random
41,CN,2615,Gold,Zerg
41,CN,2615,Gold,Zerg
41,CN,2615,Gold,Protoss
41,CN,2615,Gold,Protoss
41,CN,2615,Gold,Zerg
41,CN,2615,Gold,Protoss
41,CN,2615,Gold,Protoss
41,CN,2615,Gold,Protoss
41,CN,2615,Gold,Zerg
41,CN,2615,Gold,Zerg
41,CN,2615,Gold,Protoss
41,CN,2615,Gold,Terran
41,CN,2615,Gold,Random
41,CN,2615,Gold,Terran
41,CN,2615,Gold,Terran
41,CN,2615,Gold,Zerg
41,CN,2615,Gold,Zerg
41,CN,2615,Gold,Zerg
41,CN,2615,Gold,Terran
41,CN,2615,Gold,Random
41,CN,2615,Gold,Random
41,CN,2615,Gold,Terran
41,CN,2615,Gold,Protoss
41,CN,2615,Gold,Zerg
41,CN,2615,Gold,Terran
41,CN,2615,Gold,Terran
41,CN,2615,Gold,Terran
41,CN,2615,Gold,Terran
41,CN,2615,Gold,Protoss
41,CN,2615,Gold,Terran
41,CN,2615,Gold,Protoss
41,CN,2615,Gold,Protoss
41,CN,2615,Gold,Random
41,CN,2615,Gold,Terran
41,CN,2615,Gold,Zerg
41,CN,2615,Gold,Terran
41,CN,2615,Gold,Terran
41,CN,2615,Gold,Random
41,CN,2615,Gold,Protoss
41,CN,2615,Gold,Protoss
41,CN,2615,Gold,Random
41,CN,2615,Gold,Zerg
41,CN,2615,Gold,Terran
41,CN,2615,Gold,Protoss
41,CN,2615,Gold,Zerg
41,CN,2615,Gold,Zerg
41,CN,2615,Gold,Protoss
41,CN,2615,Gold,Zerg
41,CN,2615,Gold,Protoss
41,CN,2615,Gold,Terran
41,CN,2615,Gold,Protoss
41,CN,2615,Gold,Terran
41,CN,2614,Gold,Zerg
41,CN,2614,Gold,Terran
41,CN,2614,Gold,Zerg
41,CN,2614,Gold,Protoss
41,CN,2614,Gold,Terran
41,CN,2614,Gold,Protoss
41,CN,2614,Gold,Zerg
41,CN,2614,Gold,Protoss
41,CN,2614,Gold,Terran
41,CN,2614,Gold,Terran
41,CN,2614,Gold,Protoss
41,CN,2614,Gold,Zerg
41,CN,2614,Gold,Zerg
41,CN,2614,Gold,Terran
41,CN,2614,Gold,Protoss
41,CN,2614,Gold,Zerg
41,CN,2614,Gold,Protoss
41,CN,2614,Gold,Terran
41,CN,2614,Gold,Terran
41,CN,2614,Gold,Terran
41,CN,2614,Gold,Terran
41,CN,2614,Gold,Terran
41,CN,2614,Gold,Terran
41,CN,2614,Gold,Terran
41,CN,2614,Gold,Terran
41,CN,2614,Gold,Zerg
41,CN,2614,Gold,Protoss
41,CN,2614,Gold,Zerg
41,CN,2614,Gold,Terran
41,CN,2614,Gold,Terran
41,CN,2614,Gold,Zerg
41,CN,2614,Gold,Zerg
41,CN,2614,Gold,Protoss
41,CN,2614,Gold,Terran
41,CN,2614,Gold,Terran
41,CN,2614,Gold,Zerg
41,CN,2612,Gold,Terran
41,CN,2612,Gold,Random
41,CN,2612,Gold,Zerg
41,CN,2612,Gold,Zerg
41,CN,2612,Gold,Protoss
41,CN,2612,Gold,Protoss
41,CN,2612,Gold,Protoss
41,CN,2612,Gold,Protoss
41,CN,2612,Gold,Terran
41,CN,2612,Gold,Terran
41,CN,2612,Gold,Terran
41,CN,2612,Gold,Zerg
41,CN,2612,Gold,Zerg
41,CN,2612,Gold,Zerg
41,CN,2612,Gold,Zerg
41,CN,2612,Gold,Zerg
41,CN,2612,Gold,Terran
41,CN,2612,Gold,Zerg
41,CN,2612,Gold,Terran
41,CN,2612,Gold,Protoss
41,CN,2612,Gold,Terran
41,CN,2612,Gold,Terran
41,CN,2612,Gold,Terran
41,CN,2612,Gold,Protoss
41,CN,2612,Gold,Protoss
41,CN,2612,Gold,Terran
41,CN,2612,Gold,Terran
41,CN,2612,Gold,Zerg
41,CN,2612,Gold,Terran
41,CN,2612,Gold,Zerg
41,CN,2612,Gold,Terran
41,CN,2612,Gold,Protoss
41,CN,2612,Gold,Zerg
41,CN,2612,Gold,Protoss
41,CN,2612,Gold,Zerg
41,CN,2612,Gold,Protoss
41,CN,2612,Gold,Protoss
41,CN,2612,Gold,Terran
41,CN,2612,Gold,Protoss
41,CN,2612,Gold,Terran
41,CN,2612,Gold,Protoss
41,CN,2612,Gold,Protoss
41,CN,2612,Gold,Random
41,CN,2612,Gold,Terran
41,CN,2612,Gold,Terran
41,CN,2612,Gold,Protoss
41,CN,2612,Gold,Random
41,CN,2612,Gold,Protoss
41,CN,2612,Gold,Protoss
41,CN,2612,Gold,Terran
41,CN,2612,Gold,Protoss
41,CN,2612,Gold,Zerg
41,CN,2612,Gold,Zerg
41,CN,2612,Gold,Zerg
41,CN,2612,Gold,Protoss
41,CN,2612,Gold,Zerg
41,CN,2612,Gold,Terran
41,CN,2612,Gold,Protoss
41,CN,2612,Gold,Terran
41,CN,2612,Gold,Random
41,CN,2611,Gold,Terran
41,CN,2611,Gold,Protoss
41,CN,2611,Gold,Zerg
41,CN,2611,Gold,Zerg
41,CN,2611,Gold,Zerg
41,CN,2611,Gold,Zerg
41,CN,2611,Gold,Zerg
41,CN,2611,Gold,Protoss
41,CN,2611,Gold,Terran
41,CN,2611,Gold,Protoss
41,CN,2611,Gold,Terran
41,CN,2611,Gold,Protoss
41,CN,2611,Gold,Terran
41,CN,2611,Gold,Zerg
41,CN,2611,Gold,Protoss
41,CN,2611,Gold,Protoss
41,CN,2611,Gold,Protoss
41,CN,2611,Gold,Zerg
41,CN,2611,Gold,Terran
41,CN,2611,Gold,Protoss
41,CN,2611,Gold,Protoss
41,CN,2611,Gold,Protoss
41,CN,2611,Gold,Protoss
41,CN,2611,Gold,Protoss
41,CN,2611,Gold,Zerg
41,CN,2611,Gold,Zerg
41,CN,2611,Gold,Protoss
41,CN,2611,Gold,Terran
41,CN,2611,Gold,Protoss
41,CN,2611,Gold,Random
41,CN,2611,Gold,Zerg
41,CN,2611,Gold,Terran
41,CN,2611,Gold,Protoss
41,CN,2611,Gold,Terran
41,CN,2611,Gold,Protoss
41,CN,2611,Gold,Terran
41,CN,2611,Gold,Random
41,CN,2611,Gold,Protoss
41,CN,2611,Gold,Zerg
41,CN,2611,Gold,Terran
41,CN,2609,Gold,Terran
41,CN,2609,Gold,Terran
41,CN,2609,Gold,Protoss
41,CN,2609,Gold,Zerg
41,CN,2609,Gold,Terran
41,CN,2609,Gold,Random
41,CN,2609,Gold,Protoss
41,CN,2609,Gold,Protoss
41,CN,2609,Gold,Protoss
41,CN,2609,Gold,Protoss
41,CN,2609,Gold,Terran
41,CN,2609,Gold,Zerg
41,CN,2609,Gold,Protoss
41,CN,2609,Gold,Terran
41,CN,2609,Gold,Protoss
41,CN,2609,Gold,Protoss
41,CN,2609,Gold,Protoss
41,CN,2609,Gold,Zerg
41,CN,2609,Gold,Protoss
41,CN,2609,Gold,Protoss
41,CN,2609,Gold,Terran
41,CN,2609,Gold,Protoss
41,CN,2609,Gold,Terran
41,CN,2609,Gold,Protoss
41,CN,2609,Gold,Random
41,CN,2609,Gold,Terran
41,CN,2609,Gold,Zerg
41,CN,2609,Gold,Random
41,CN,2609,Gold,Terran
41,CN,2609,Gold,Terran
41,CN,2609,Gold,Terran
41,CN,2609,Gold,Protoss
41,CN,2609,Gold,Terran
41,CN,2609,Gold,Random
41,CN,2609,Gold,Zerg
41,CN,2609,Gold,Terran
41,CN,2609,Gold,Terran
41,CN,2609,Gold,Terran
41,CN,2609,Gold,Protoss
41,CN,2609,Gold,Terran
41,CN,2609,Gold,Protoss
41,CN,2609,Gold,Terran
41,CN,2609,Gold,Terran
41,CN,2609,Gold,Protoss
41,CN,2609,Gold,Protoss
41,CN,2609,Gold,Zerg
41,CN,2609,Gold,Terran
41,CN,2609,Gold,Terran
41,CN,2609,Gold,Terran
41,CN,2609,Gold,Protoss
41,CN,2609,Gold,Protoss
41,CN,2609,Gold,Terran
41,CN,2609,Gold,Zerg
41,CN,2609,Gold,Zerg
41,CN,2609,Gold,Protoss
41,CN,2609,Gold,Protoss
41,CN,2609,Gold,Zerg
41,CN,2609,Gold,Random
41,CN,2609,Gold,Protoss
41,CN,2609,Gold,Zerg
41,CN,2609,Gold,Terran
41,CN,2609,Gold,Protoss
41,CN,2609,Gold,Protoss
41,CN,2609,Gold,Terran
41,CN,2609,Gold,Protoss
41,CN,2608,Gold,Zerg
41,CN,2608,Gold,Zerg
41,CN,2608,Gold,Protoss
41,CN,2608,Gold,Protoss
41,CN,2608,Gold,Protoss
41,CN,2608,Gold,Terran
41,CN,2608,Gold,Terran
41,CN,2608,Gold,Zerg
41,CN,2608,Gold,Zerg
41,CN,2608,Gold,Protoss
41,CN,2608,Gold,Protoss
41,CN,2608,Gold,Terran
41,CN,2608,Gold,Protoss
41,CN,2608,Gold,Zerg
41,CN,2608,Gold,Zerg
41,CN,2608,Gold,Terran
41,CN,2608,Gold,Protoss
41,CN,2608,Gold,Terran
41,CN,2608,Gold,Protoss
41,CN,2608,Gold,Protoss
41,CN,2608,Gold,Terran
41,CN,2608,Gold,Terran
41,CN,2608,Gold,Protoss
41,CN,2608,Gold,Protoss
41,CN,2608,Gold,Terran
41,CN,2608,Gold,Random
41,CN,2608,Gold,Random
41,CN,2608,Gold,Terran
41,CN,2608,Gold,Terran
41,CN,2608,Gold,Zerg
41,CN,2608,Gold,Random
41,CN,2608,Gold,Zerg
41,CN,2608,Gold,Terran
41,CN,2608,Gold,Random
41,CN,2608,Gold,Protoss
41,CN,2606,Gold,Protoss
41,CN,2606,Gold,Protoss
41,CN,2606,Gold,Terran
41,CN,2606,Gold,Zerg
41,CN,2606,Gold,Zerg
41,CN,2606,Gold,Protoss
41,CN,2606,Gold,Protoss
41,CN,2606,Gold,Protoss
41,CN,2606,Gold,Zerg
41,CN,2606,Gold,Terran
41,CN,2606,Gold,Zerg
41,CN,2606,Gold,Zerg
41,CN,2606,Gold,Terran
41,CN,2606,Gold,Protoss
41,CN,2606,Gold,Zerg
41,CN,2606,Gold,Zerg
41,CN,2606,Gold,Protoss
41,CN,2606,Gold,Terran
41,CN,2606,Gold,Terran
41,CN,2606,Gold,Zerg
41,CN,2606,Gold,Protoss
41,CN,2606,Gold,Protoss
41,CN,2606,Gold,Protoss
41,CN,2606,Gold,Terran
41,CN,2606,Gold,Protoss
41,CN,2606,Gold,Terran
41,CN,2606,Gold,Terran
41,CN,2606,Gold,Terran
41,CN,2606,Gold,Terran
41,CN,2606,Gold,Protoss
41,CN,2606,Gold,Zerg
41,CN,2606,Gold,Terran
41,CN,2606,Gold,Terran
41,CN,2606,Gold,Protoss
41,CN,2606,Gold,Zerg
41,CN,2606,Gold,Zerg
41,CN,2606,Gold,Terran
41,CN,2606,Gold,Protoss
41,CN,2606,Gold,Terran
41,CN,2606,Gold,Terran
41,CN,2606,Gold,Zerg
41,CN,2606,Gold,Terran
41,CN,2606,Gold,Zerg
41,CN,2606,Gold,Zerg
41,CN,2606,Gold,Protoss
41,CN,2606,Gold,Zerg
41,CN,2606,Gold,Terran
41,CN,2606,Gold,Zerg
41,CN,2606,Gold,Zerg
41,CN,2606,Gold,Terran
41,CN,2606,Gold,Protoss
41,CN,2606,Gold,Zerg
41,CN,2606,Gold,Protoss
41,CN,2606,Gold,Zerg
41,CN,2606,Gold,Terran
41,CN,2606,Gold,Terran
41,CN,2606,Gold,Protoss
41,CN,2606,Gold,Random
41,CN,2606,Gold,Protoss
41,CN,2606,Gold,Terran
41,CN,2606,Gold,Protoss
41,CN,2606,Gold,Terran
41,CN,2606,Gold,Zerg
41,CN,2606,Gold,Protoss
41,CN,2606,Gold,Terran
41,CN,2606,Gold,Zerg
41,CN,2606,Gold,Terran
41,CN,2606,Gold,Terran
41,CN,2606,Gold,Terran
41,CN,2606,Gold,Terran
41,CN,2606,Gold,Zerg
41,CN,2606,Gold,Zerg
41,CN,2606,Gold,Zerg
41,CN,2606,Gold,Terran
41,CN,2606,Gold,Terran
41,CN,2606,Gold,Terran
41,CN,2606,Gold,Zerg
41,CN,2606,Gold,Zerg
41,CN,2605,Gold,Protoss
41,CN,2605,Gold,Terran
41,CN,2605,Gold,Terran
41,CN,2605,Gold,Terran
41,CN,2605,Gold,Terran
41,CN,2605,Gold,Zerg
41,CN,2605,Gold,Terran
41,CN,2605,Gold,Terran
41,CN,2605,Gold,Random
41,CN,2605,Gold,Random
41,CN,2605,Gold,Terran
41,CN,2605,Gold,Zerg
41,CN,2605,Gold,Terran
41,CN,2605,Gold,Protoss
41,CN,2605,Gold,Protoss
41,CN,2605,Gold,Terran
41,CN,2605,Gold,Zerg
41,CN,2605,Gold,Terran
41,CN,2605,Gold,Protoss
41,CN,2605,Gold,Terran
41,CN,2605,Gold,Protoss
41,CN,2605,Gold,Zerg
41,CN,2603,Gold,Terran
41,CN,2603,Gold,Zerg
41,CN,2603,Gold,Terran
41,CN,2603,Gold,Terran
41,CN,2603,Gold,Protoss
41,CN,2603,Gold,Protoss
41,CN,2603,Gold,Zerg
41,CN,2603,Gold,Random
41,CN,2603,Gold,Protoss
41,CN,2603,Gold,Random
41,CN,2603,Gold,Terran
41,CN,2603,Gold,Terran
41,CN,2603,Gold,Protoss
41,CN,2603,Gold,Random
41,CN,2603,Gold,Zerg
41,CN,2603,Gold,Zerg
41,CN,2603,Gold,Protoss
41,CN,2603,Gold,Protoss
41,CN,2603,Gold,Terran
41,CN,2603,Gold,Protoss
41,CN,2603,Gold,Protoss
41,CN,2603,Gold,Protoss
41,CN,2603,Gold,Protoss
41,CN,2603,Gold,Random
41,CN,2603,Gold,Protoss
41,CN,2603,Gold,Zerg
41,CN,2603,Gold,Terran
41,CN,2603,Gold,Terran
41,CN,2603,Gold,Zerg
41,CN,2603,Gold,Random
41,CN,2603,Gold,Protoss
41,CN,2603,Gold,Protoss
41,CN,2603,Gold,Protoss
41,CN,2603,Gold,Terran
41,CN,2603,Gold,Protoss
41,CN,2603,Gold,Terran
41,CN,2603,Gold,Protoss
41,CN,2603,Gold,Zerg
41,CN,2603,Gold,Zerg
41,CN,2603,Gold,Terran
41,CN,2603,Gold,Random
41,CN,2603,Gold,Protoss
41,CN,2603,Gold,Zerg
41,CN,2603,Gold,Protoss
41,CN,2603,Gold,Terran
41,CN,2603,Gold,Terran
41,CN,2603,Gold,Protoss
41,CN,2603,Gold,Protoss
41,CN,2603,Gold,Protoss
41,CN,2603,Gold,Terran
41,CN,2603,Gold,Terran
41,CN,2603,Gold,Terran
41,CN,2603,Gold,Zerg
41,CN,2603,Gold,Terran
41,CN,2603,Gold,Protoss
41,CN,2603,Gold,Protoss
41,CN,2603,Gold,Protoss
41,CN,2603,Gold,Zerg
41,CN,2603,Gold,Terran
41,CN,2603,Gold,Random
41,CN,2603,Gold,Zerg
41,CN,2603,Gold,Protoss
41,CN,2603,Gold,Protoss
41,CN,2603,Gold,Zerg
41,CN,2603,Gold,Terran
41,CN,2603,Gold,Terran
41,CN,2603,Gold,Protoss
41,CN,2603,Gold,Terran
41,CN,2602,Gold,Terran
41,CN,2602,Gold,Zerg
41,CN,2602,Gold,Protoss
41,CN,2602,Gold,Terran
41,CN,2602,Gold,Random
41,CN,2602,Gold,Zerg
41,CN,2602,Gold,Terran
41,CN,2602,Gold,Terran
41,CN,2602,Gold,Protoss
41,CN,2602,Gold,Protoss
41,CN,2602,Gold,Random
41,CN,2602,Gold,Protoss
41,CN,2602,Gold,Terran
41,CN,2602,Gold,Random
41,CN,2602,Gold,Protoss
41,CN,2602,Gold,Random
41,CN,2602,Gold,Protoss
41,CN,2602,Gold,Zerg
41,CN,2602,Gold,Protoss
41,CN,2602,Gold,Random
41,CN,2602,Gold,Protoss
41,CN,2602,Gold,Zerg
41,CN,2602,Gold,Protoss
41,CN,2602,Gold,Terran
41,CN,2602,Gold,Protoss
41,CN,2602,Gold,Terran
41,CN,2602,Gold,Zerg
41,CN,2602,Gold,Protoss
41,CN,2602,Gold,Terran
41,CN,2602,Gold,Zerg
41,CN,2602,Gold,Terran
41,CN,2602,Gold,Terran
41,CN,2600,Gold,Zerg
41,CN,2600,Gold,Protoss
41,CN,2600,Gold,Protoss
41,CN,2600,Gold,Zerg
41,CN,2600,Gold,Zerg
41,CN,2600,Gold,Zerg
41,CN,2600,Gold,Protoss
41,CN,2600,Gold,Terran
41,CN,2600,Gold,Protoss
41,CN,2600,Gold,Terran
41,CN,2600,Gold,Zerg
41,CN,2600,Gold,Protoss
41,CN,2600,Gold,Terran
41,CN,2600,Gold,Protoss
41,CN,2600,Gold,Terran
41,CN,2600,Gold,Protoss
41,CN,2600,Gold,Terran
41,CN,2600,Gold,Zerg
41,CN,2600,Gold,Random
41,CN,2600,Gold,Zerg
41,CN,2600,Gold,Terran
41,CN,2600,Gold,Zerg
41,CN,2600,Gold,Random
41,CN,2600,Gold,Zerg
41,CN,2600,Gold,Terran
41,CN,2600,Gold,Protoss
41,CN,2600,Gold,Protoss
41,CN,2600,Gold,Terran
41,CN,2600,Gold,Protoss
41,CN,2600,Gold,Protoss
41,CN,2600,Gold,Zerg
41,CN,2600,Gold,Zerg
41,CN,2600,Gold,Terran
41,CN,2600,Gold,Zerg
41,CN,2600,Gold,Protoss
41,CN,2600,Gold,Protoss
41,CN,2600,Gold,Zerg
41,CN,2600,Gold,Zerg
41,CN,2600,Gold,Protoss
41,CN,2600,Gold,Protoss
41,CN,2600,Gold,Protoss
41,CN,2600,Gold,Terran
41,CN,2600,Gold,Protoss
41,CN,2600,Gold,Terran
41,CN,2600,Gold,Protoss
41,CN,2600,Gold,Terran
41,CN,2600,Gold,Random
41,CN,2600,Gold,Zerg
41,CN,2600,Gold,Terran
41,CN,2600,Gold,Terran
41,CN,2600,Gold,Protoss
41,CN,2600,Gold,Protoss
41,CN,2600,Gold,Terran
41,CN,2600,Gold,Terran
41,CN,2600,Gold,Terran
41,CN,2600,Gold,Random
41,CN,2600,Gold,Terran
41,CN,2600,Gold,Protoss
41,CN,2600,Gold,Zerg
41,CN,2600,Gold,Terran
41,CN,2600,Gold,Terran
41,CN,2600,Gold,Terran
41,CN,2600,Gold,Terran
41,CN,2600,Gold,Terran
41,CN,2600,Gold,Zerg
41,CN,2600,Gold,Protoss
41,CN,2600,Gold,Protoss
41,CN,2600,Gold,Protoss
41,CN,2600,Gold,Protoss
41,CN,2600,Gold,Protoss
41,CN,2600,Gold,Protoss
41,CN,2600,Gold,Terran
41,CN,2600,Gold,Random
41,CN,2600,Gold,Zerg
41,CN,2600,Gold,Terran
41,CN,2600,Gold,Terran
41,CN,2600,Gold,Random
41,CN,2600,Gold,Terran
41,CN,2600,Gold,Protoss
41,CN,2600,Gold,Terran
41,CN,2600,Gold,Zerg
41,CN,2599,Gold,Terran
41,CN,2599,Gold,Protoss
41,CN,2599,Gold,Terran
41,CN,2599,Gold,Protoss
41,CN,2599,Gold,Terran
41,CN,2599,Gold,Zerg
41,CN,2599,Gold,Terran
41,CN,2599,Gold,Terran
41,CN,2599,Gold,Terran
41,CN,2599,Gold,Terran
41,CN,2599,Gold,Protoss
41,CN,2599,Gold,Terran
41,CN,2599,Gold,Protoss
41,CN,2599,Gold,Protoss
41,CN,2599,Gold,Protoss
41,CN,2599,Gold,Protoss
41,CN,2599,Gold,Protoss
41,CN,2599,Gold,Zerg
41,CN,2599,Gold,Protoss
41,CN,2597,Gold,Protoss
41,CN,2597,Gold,Zerg
41,CN,2597,Gold,Terran
41,CN,2597,Gold,Random
41,CN,2597,Gold,Terran
41,CN,2597,Gold,Protoss
41,CN,2597,Gold,Random
41,CN,2597,Gold,Zerg
41,CN,2597,Gold,Zerg
41,CN,2597,Gold,Zerg
41,CN,2597,Gold,Protoss
41,CN,2597,Gold,Terran
41,CN,2597,Gold,Random
41,CN,2597,Gold,Terran
41,CN,2597,Gold,Terran
41,CN,2597,Gold,Terran
41,CN,2597,Gold,Protoss
41,CN,2597,Gold,Terran
41,CN,2597,Gold,Protoss
41,CN,2597,Gold,Terran
41,CN,2597,Gold,Terran
41,CN,2597,Gold,Zerg
41,CN,2597,Gold,Terran
41,CN,2597,Gold,Zerg
41,CN,2597,Gold,Terran
41,CN,2597,Gold,Terran
41,CN,2597,Gold,Random
41,CN,2597,Gold,Protoss
41,CN,2597,Gold,Protoss
41,CN,2597,Gold,Protoss
41,CN,2597,Gold,Protoss
41,CN,2597,Gold,Zerg
41,CN,2597,Gold,Terran
41,CN,2597,Gold,Protoss
41,CN,2597,Gold,Zerg
41,CN,2597,Gold,Zerg
41,CN,2597,Gold,Protoss
41,CN,2597,Gold,Zerg
41,CN,2597,Gold,Protoss
41,CN,2597,Gold,Terran
41,CN,2597,Gold,Protoss
41,CN,2597,Gold,Terran
41,CN,2597,Gold,Terran
41,CN,2597,Gold,Zerg
41,CN,2597,Gold,Random
41,CN,2597,Gold,Zerg
41,CN,2597,Gold,Protoss
41,CN,2597,Gold,Zerg
41,CN,2597,Gold,Terran
41,CN,2597,Gold,Terran
41,CN,2597,Gold,Zerg
41,CN,2597,Gold,Random
41,CN,2597,Gold,Zerg
41,CN,2597,Gold,Random
41,CN,2597,Gold,Terran
41,CN,2597,Gold,Protoss
41,CN,2597,Gold,Terran
41,CN,2597,Gold,Terran
41,CN,2597,Gold,Terran
41,CN,2597,Gold,Terran
41,CN,2597,Gold,Terran
41,CN,2597,Gold,Terran
41,CN,2597,Gold,Zerg
41,CN,2597,Gold,Terran
41,CN,2597,Gold,Terran
41,CN,2597,Gold,Protoss
41,CN,2597,Gold,Protoss
41,CN,2597,Gold,Zerg
41,CN,2597,Gold,Zerg
41,CN,2597,Gold,Zerg
41,CN,2597,Gold,Terran
41,CN,2597,Gold,Terran
41,CN,2597,Gold,Terran
41,CN,2597,Gold,Protoss
41,CN,2597,Gold,Terran
41,CN,2597,Gold,Protoss
41,CN,2597,Gold,Zerg
41,CN,2597,Gold,Terran
41,CN,2596,Gold,Zerg
41,CN,2596,Gold,Zerg
41,CN,2596,Gold,Zerg
41,CN,2596,Gold,Zerg
41,CN,2596,Gold,Protoss
41,CN,2596,Gold,Protoss
41,CN,2596,Gold,Terran
41,CN,2596,Gold,Zerg
41,CN,2596,Gold,Random
41,CN,2596,Gold,Zerg
41,CN,2596,Gold,Protoss
41,CN,2596,Gold,Zerg
41,CN,2596,Gold,Zerg
41,CN,2596,Gold,Protoss
41,CN,2596,Gold,Protoss
41,CN,2596,Gold,Zerg
41,CN,2596,Gold,Protoss
41,CN,2596,Gold,Protoss
41,CN,2596,Gold,Terran
41,CN,2596,Gold,Zerg
41,CN,2596,Gold,Protoss
41,CN,2596,Gold,Random
41,CN,2594,Gold,Terran
41,CN,2594,Gold,Terran
41,CN,2594,Gold,Zerg
41,CN,2594,Gold,Zerg
41,CN,2594,Gold,Terran
41,CN,2594,Gold,Terran
41,CN,2594,Gold,Terran
41,CN,2594,Gold,Zerg
41,CN,2594,Gold,Terran
41,CN,2594,Gold,Zerg
41,CN,2594,Gold,Protoss
41,CN,2594,Gold,Terran
41,CN,2594,Gold,Terran
41,CN,2594,Gold,Terran
41,CN,2594,Gold,Terran
41,CN,2594,Gold,Terran
41,CN,2594,Gold,Terran
41,CN,2594,Gold,Protoss
41,CN,2594,Gold,Protoss
41,CN,2594,Gold,Zerg
41,CN,2594,Gold,Protoss
41,CN,2594,Gold,Zerg
41,CN,2594,Gold,Protoss
41,CN,2594,Gold,Terran
41,CN,2594,Gold,Protoss
41,CN,2594,Gold,Terran
41,CN,2594,Gold,Zerg
41,CN,2594,Gold,Zerg
41,CN,2594,Gold,Terran
41,CN,2594,Gold,Zerg
41,CN,2594,Gold,Zerg
41,CN,2594,Gold,Terran
41,CN,2594,Gold,Protoss
41,CN,2594,Gold,Zerg
41,CN,2594,Gold,Zerg
41,CN,2594,Gold,Zerg
41,CN,2594,Gold,Zerg
41,CN,2594,Gold,Protoss
41,CN,2594,Gold,Protoss
41,CN,2594,Gold,Zerg
41,CN,2594,Gold,Protoss
41,CN,2594,Gold,Protoss
41,CN,2594,Gold,Random
41,CN,2594,Gold,Zerg
41,CN,2594,Gold,Terran
41,CN,2594,Gold,Protoss
41,CN,2594,Gold,Zerg
41,CN,2594,Gold,Zerg
41,CN,2594,Gold,Protoss
41,CN,2594,Gold,Protoss
41,CN,2594,Gold,Terran
41,CN,2594,Gold,Zerg
41,CN,2594,Gold,Terran
41,CN,2594,Gold,Terran
41,CN,2594,Gold,Protoss
41,CN,2594,Gold,Random
41,CN,2594,Gold,Protoss
41,CN,2594,Gold,Protoss
41,CN,2594,Gold,Zerg
41,CN,2594,Gold,Protoss
41,CN,2594,Gold,Protoss
41,CN,2594,Gold,Zerg
41,CN,2594,Gold,Zerg
41,CN,2594,Gold,Zerg
41,CN,2594,Gold,Zerg
41,CN,2594,Gold,Terran
41,CN,2594,Gold,Random
41,CN,2594,Gold,Terran
41,CN,2594,Gold,Terran
41,CN,2594,Gold,Protoss
41,CN,2594,Gold,Zerg
41,CN,2594,Gold,Protoss
41,CN,2594,Gold,Protoss
41,CN,2594,Gold,Zerg
41,CN,2594,Gold,Terran
41,CN,2594,Gold,Protoss
41,CN,2594,Gold,Terran
41,CN,2594,Gold,Zerg
41,CN,2594,Gold,Zerg
41,CN,2594,Gold,Zerg
41,CN,2594,Gold,Random
41,CN,2594,Gold,Terran
41,CN,2594,Gold,Terran
41,CN,2594,Gold,Protoss
41,CN,2593,Gold,Protoss
41,CN,2593,Gold,Zerg
41,CN,2593,Gold,Zerg
41,CN,2593,Gold,Protoss
41,CN,2593,Gold,Terran
41,CN,2593,Gold,Zerg
41,CN,2593,Gold,Protoss
41,CN,2593,Gold,Zerg
41,CN,2593,Gold,Protoss
41,CN,2593,Gold,Terran
41,CN,2593,Gold,Protoss
41,CN,2593,Gold,Zerg
41,CN,2593,Gold,Protoss
41,CN,2593,Gold,Zerg
41,CN,2593,Gold,Zerg
41,CN,2593,Gold,Protoss
41,CN,2591,Gold,Zerg
41,CN,2591,Gold,Random
41,CN,2591,Gold,Random
41,CN,2591,Gold,Protoss
41,CN,2591,Gold,Zerg
41,CN,2591,Gold,Terran
41,CN,2591,Gold,Zerg
41,CN,2591,Gold,Protoss
41,CN,2591,Gold,Random
41,CN,2591,Gold,Protoss
41,CN,2591,Gold,Protoss
41,CN,2591,Gold,Protoss
41,CN,2591,Gold,Terran
41,CN,2591,Gold,Protoss
41,CN,2591,Gold,Protoss
41,CN,2591,Gold,Random
41,CN,2591,Gold,Terran
41,CN,2591,Gold,Terran
41,CN,2591,Gold,Protoss
41,CN,2591,Gold,Protoss
41,CN,2591,Gold,Terran
41,CN,2591,Gold,Random
41,CN,2591,Gold,Terran
41,CN,2591,Gold,Terran
41,CN,2591,Gold,Zerg
41,CN,2591,Gold,Protoss
41,CN,2591,Gold,Random
41,CN,2591,Gold,Terran
41,CN,2591,Gold,Zerg
41,CN,2591,Gold,Terran
41,CN,2591,Gold,Terran
41,CN,2591,Gold,Terran
41,CN,2591,Gold,Terran
41,CN,2591,Gold,Terran
41,CN,2591,Gold,Protoss
41,CN,2591,Gold,Zerg
41,CN,2591,Gold,Terran
41,CN,2591,Gold,Random
41,CN,2591,Gold,Terran
41,CN,2591,Gold,Protoss
41,CN,2591,Gold,Zerg
41,CN,2591,Gold,Terran
41,CN,2591,Gold,Protoss
41,CN,2591,Gold,Zerg
41,CN,2591,Gold,Zerg
41,CN,2591,Gold,Protoss
41,CN,2591,Gold,Zerg
41,CN,2591,Gold,Protoss
41,CN,2591,Gold,Zerg
41,CN,2591,Gold,Protoss
41,CN,2591,Gold,Zerg
41,CN,2591,Gold,Terran
41,CN,2591,Gold,Terran
41,CN,2591,Gold,Terran
41,CN,2591,Gold,Random
41,CN,2591,Gold,Terran
41,CN,2591,Gold,Protoss
41,CN,2591,Gold,Protoss
41,CN,2591,Gold,Terran
41,CN,2591,Gold,Terran
41,CN,2591,Gold,Protoss
41,CN,2591,Gold,Protoss
41,CN,2591,Gold,Protoss
41,CN,2591,Gold,Protoss
41,CN,2591,Gold,Terran
41,CN,2591,Gold,Terran
41,CN,2591,Gold,Terran
41,CN,2591,Gold,Zerg
41,CN,2591,Gold,Random
41,CN,2591,Gold,Terran
41,CN,2591,Gold,Zerg
41,CN,2591,Gold,Zerg
41,CN,2591,Gold,Terran
41,CN,2591,Gold,Protoss
41,CN,2591,Gold,Terran
41,CN,2591,Gold,Zerg
41,CN,2591,Gold,Protoss
41,CN,2591,Gold,Terran
41,CN,2590,Gold,Terran
41,CN,2590,Gold,Terran
41,CN,2590,Gold,Terran
41,CN,2590,Gold,Terran
41,CN,2590,Gold,Terran
41,CN,2590,Gold,Zerg
41,CN,2590,Gold,Random
41,CN,2590,Gold,Terran
41,CN,2590,Gold,Random
41,CN,2590,Gold,Protoss
41,CN,2590,Gold,Protoss
41,CN,2590,Gold,Zerg
41,CN,2590,Gold,Zerg
41,CN,2590,Gold,Protoss
41,CN,2590,Gold,Terran
41,CN,2590,Gold,Protoss
41,CN,2590,Gold,Zerg
41,CN,2590,Gold,Terran
41,CN,2590,Gold,Zerg
41,CN,2590,Gold,Protoss
41,CN,2590,Gold,Protoss
41,CN,2590,Gold,Protoss
41,CN,2588,Gold,Protoss
41,CN,2588,Gold,Protoss
41,CN,2588,Gold,Terran
41,CN,2588,Gold,Zerg
41,CN,2588,Gold,Zerg
41,CN,2588,Gold,Random
41,CN,2588,Gold,Protoss
41,CN,2588,Gold,Protoss
41,CN,2588,Gold,Random
41,CN,2588,Gold,Protoss
41,CN,2588,Gold,Zerg
41,CN,2588,Gold,Protoss
41,CN,2588,Gold,Random
41,CN,2588,Gold,Terran
41,CN,2588,Gold,Protoss
41,CN,2588,Gold,Terran
41,CN,2588,Gold,Zerg
41,CN,2588,Gold,Terran
41,CN,2588,Gold,Random
41,CN,2588,Gold,Zerg
41,CN,2588,Gold,Protoss
41,CN,2588,Gold,Protoss
41,CN,2588,Gold,Protoss
41,CN,2588,Gold,Zerg
41,CN,2588,Gold,Zerg
41,CN,2588,Gold,Terran
41,CN,2588,Gold,Protoss
41,CN,2588,Gold,Zerg
41,CN,2588,Gold,Protoss
41,CN,2588,Gold,Zerg
41,CN,2588,Gold,Terran
41,CN,2588,Gold,Protoss
41,CN,2588,Gold,Terran
41,CN,2588,Gold,Zerg
41,CN,2588,Gold,Zerg
41,CN,2588,Gold,Zerg
41,CN,2588,Gold,Zerg
41,CN,2588,Gold,Terran
41,CN,2588,Gold,Protoss
41,CN,2588,Gold,Terran
41,CN,2588,Gold,Protoss
41,CN,2588,Gold,Protoss
41,CN,2588,Gold,Terran
41,CN,2588,Gold,Terran
41,CN,2588,Gold,Protoss
41,CN,2588,Gold,Terran
41,CN,2588,Gold,Terran
41,CN,2588,Gold,Zerg
41,CN,2588,Gold,Random
41,CN,2588,Gold,Terran
41,CN,2588,Gold,Zerg
41,CN,2588,Gold,Protoss
41,CN,2588,Gold,Terran
41,CN,2588,Gold,Protoss
41,CN,2588,Gold,Protoss
41,CN,2588,Gold,Zerg
41,CN,2588,Gold,Protoss
41,CN,2588,Gold,Terran
41,CN,2588,Gold,Protoss
41,CN,2588,Gold,Protoss
41,CN,2588,Gold,Protoss
41,CN,2588,Gold,Protoss
41,CN,2588,Gold,Terran
41,CN,2588,Gold,Zerg
41,CN,2588,Gold,Protoss
41,CN,2588,Gold,Terran
41,CN,2588,Gold,Terran
41,CN,2588,Gold,Terran
41,CN,2588,Gold,Terran
41,CN,2588,Gold,Terran
41,CN,2588,Gold,Terran
41,CN,2588,Gold,Protoss
41,CN,2588,Gold,Terran
41,CN,2588,Gold,Zerg
41,CN,2588,Gold,Random
41,CN,2588,Gold,Terran
41,CN,2588,Gold,Protoss
41,CN,2588,Gold,Zerg
41,CN,2588,Gold,Terran
41,CN,2588,Gold,Terran
41,CN,2587,Gold,Zerg
41,CN,2587,Gold,Zerg
41,CN,2587,Gold,Protoss
41,CN,2587,Gold,Protoss
41,CN,2587,Gold,Terran
41,CN,2587,Gold,Terran
41,CN,2587,Gold,Terran
41,CN,2587,Gold,Protoss
41,CN,2587,Gold,Protoss
41,CN,2587,Gold,Zerg
41,CN,2587,Gold,Zerg
41,CN,2587,Gold,Zerg
41,CN,2587,Gold,Terran
41,CN,2587,Gold,Zerg
41,CN,2587,Gold,Zerg
41,CN,2587,Gold,Protoss
41,CN,2587,Gold,Terran
41,CN,2587,Gold,Protoss
41,CN,2587,Gold,Terran
41,CN,2587,Gold,Terran
41,CN,2585,Gold,Zerg
41,CN,2585,Gold,Protoss
41,CN,2585,Gold,Zerg
41,CN,2585,Gold,Protoss
41,CN,2585,Gold,Zerg
41,CN,2585,Gold,Protoss
41,CN,2585,Gold,Protoss
41,CN,2585,Gold,Terran
41,CN,2585,Gold,Terran
41,CN,2585,Gold,Terran
41,CN,2585,Gold,Protoss
41,CN,2585,Gold,Protoss
41,CN,2585,Gold,Protoss
41,CN,2585,Gold,Terran
41,CN,2585,Gold,Zerg
41,CN,2585,Gold,Protoss
41,CN,2585,Gold,Protoss
41,CN,2585,Gold,Terran
41,CN,2585,Gold,Random
41,CN,2585,Gold,Zerg
41,CN,2585,Gold,Protoss
41,CN,2585,Gold,Protoss
41,CN,2585,Gold,Zerg
41,CN,2585,Gold,Random
41,CN,2585,Gold,Terran
41,CN,2585,Gold,Terran
41,CN,2585,Gold,Terran
41,CN,2585,Gold,Protoss
41,CN,2585,Gold,Protoss
41,CN,2585,Gold,Terran
41,CN,2585,Gold,Protoss
41,CN,2585,Gold,Protoss
41,CN,2585,Gold,Terran
41,CN,2585,Gold,Terran
41,CN,2585,Gold,Protoss
41,CN,2585,Gold,Terran
41,CN,2585,Gold,Terran
41,CN,2585,Gold,Terran
41,CN,2585,Gold,Zerg
41,CN,2585,Gold,Terran
41,CN,2585,Gold,Zerg
41,CN,2585,Gold,Zerg
41,CN,2585,Gold,Protoss
41,CN,2585,Gold,Protoss
41,CN,2585,Gold,Protoss
41,CN,2585,Gold,Terran
41,CN,2585,Gold,Protoss
41,CN,2585,Gold,Terran
41,CN,2585,Gold,Zerg
41,CN,2585,Gold,Protoss
41,CN,2585,Gold,Protoss
41,CN,2585,Gold,Terran
41,CN,2585,Gold,Protoss
41,CN,2585,Gold,Protoss
41,CN,2585,Gold,Protoss
41,CN,2585,Gold,Terran
41,CN,2585,Gold,Zerg
41,CN,2585,Gold,Terran
41,CN,2585,Gold,Terran
41,CN,2585,Gold,Protoss
41,CN,2585,Gold,Terran
41,CN,2585,Gold,Terran
41,CN,2585,Gold,Terran
41,CN,2585,Gold,Terran
41,CN,2585,Gold,Zerg
41,CN,2585,Gold,Terran
41,CN,2585,Gold,Zerg
41,CN,2585,Gold,Zerg
41,CN,2585,Gold,Protoss
41,CN,2585,Gold,Protoss
41,CN,2584,Gold,Terran
41,CN,2584,Gold,Terran
41,CN,2584,Gold,Protoss
41,CN,2584,Gold,Protoss
41,CN,2584,Gold,Zerg
41,CN,2584,Gold,Zerg
41,CN,2584,Gold,Protoss
41,CN,2584,Gold,Terran
41,CN,2584,Gold,Protoss
41,CN,2584,Gold,Protoss
41,CN,2584,Gold,Zerg
41,CN,2584,Gold,Protoss
41,CN,2584,Gold,Terran
41,CN,2584,Gold,Zerg
41,CN,2584,Gold,Terran
41,CN,2584,Gold,Random
41,CN,2584,Gold,Zerg
41,CN,2584,Gold,Protoss
41,CN,2584,Gold,Protoss
41,CN,2584,Gold,Protoss
41,CN,2584,Gold,Protoss
41,CN,2584,Gold,Terran
41,CN,2584,Gold,Protoss
41,CN,2584,Gold,Terran
41,CN,2584,Gold,Terran
41,CN,2584,Gold,Protoss
41,CN,2584,Gold,Terran
41,CN,2584,Gold,Random
41,CN,2584,Gold,Protoss
41,CN,2584,Gold,Zerg
41,CN,2582,Gold,Random
41,CN,2582,Gold,Protoss
41,CN,2582,Gold,Zerg
41,CN,2582,Gold,Terran
41,CN,2582,Gold,Protoss
41,CN,2582,Gold,Terran
41,CN,2582,Gold,Zerg
41,CN,2582,Gold,Terran
41,CN,2582,Gold,Terran
41,CN,2582,Gold,Terran
41,CN,2582,Gold,Random
41,CN,2582,Gold,Zerg
41,CN,2582,Gold,Terran
41,CN,2582,Gold,Protoss
41,CN,2582,Gold,Terran
41,CN,2582,Gold,Terran
41,CN,2582,Gold,Zerg
41,CN,2582,Gold,Terran
41,CN,2582,Gold,Protoss
41,CN,2582,Gold,Terran
41,CN,2582,Gold,Protoss
41,CN,2582,Gold,Protoss
41,CN,2582,Gold,Protoss
41,CN,2582,Gold,Terran
41,CN,2582,Gold,Zerg
41,CN,2582,Gold,Terran
41,CN,2582,Gold,Protoss
41,CN,2582,Gold,Protoss
41,CN,2582,Gold,Protoss
41,CN,2582,Gold,Terran
41,CN,2582,Gold,Zerg
41,CN,2582,Gold,Random
41,CN,2582,Gold,Protoss
41,CN,2582,Gold,Protoss
41,CN,2582,Gold,Terran
41,CN,2582,Gold,Protoss
41,CN,2582,Gold,Terran
41,CN,2582,Gold,Zerg
41,CN,2582,Gold,Protoss
41,CN,2582,Gold,Protoss
41,CN,2582,Gold,Zerg
41,CN,2582,Gold,Zerg
41,CN,2582,Gold,Terran
41,CN,2582,Gold,Terran
41,CN,2582,Gold,Protoss
41,CN,2582,Gold,Protoss
41,CN,2582,Gold,Terran
41,CN,2582,Gold,Terran
41,CN,2582,Gold,Terran
41,CN,2582,Gold,Protoss
41,CN,2582,Gold,Zerg
41,CN,2582,Gold,Zerg
41,CN,2582,Gold,Protoss
41,CN,2582,Gold,Terran
41,CN,2582,Gold,Zerg
41,CN,2582,Gold,Protoss
41,CN,2582,Gold,Protoss
41,CN,2582,Gold,Protoss
41,CN,2582,Gold,Protoss
41,CN,2582,Gold,Terran
41,CN,2582,Gold,Terran
41,CN,2582,Gold,Terran
41,CN,2582,Gold,Terran
41,CN,2582,Gold,Zerg
41,CN,2582,Gold,Terran
41,CN,2582,Gold,Protoss
41,CN,2582,Gold,Terran
41,CN,2582,Gold,Zerg
41,CN,2582,Gold,Protoss
41,CN,2582,Gold,Zerg
41,CN,2582,Gold,Protoss
41,CN,2582,Gold,Protoss
41,CN,2582,Gold,Zerg
41,CN,2582,Gold,Random
41,CN,2582,Gold,Terran
41,CN,2582,Gold,Protoss
41,CN,2582,Gold,Terran
41,CN,2582,Gold,Terran
41,CN,2582,Gold,Protoss
41,CN,2582,Gold,Protoss
41,CN,2582,Gold,Terran
41,CN,2581,Gold,Protoss
41,CN,2581,Gold,Random
41,CN,2581,Gold,Random
41,CN,2581,Gold,Protoss
41,CN,2581,Gold,Terran
41,CN,2581,Gold,Random
41,CN,2581,Gold,Protoss
41,CN,2581,Gold,Protoss
41,CN,2581,Gold,Terran
41,CN,2581,Gold,Protoss
41,CN,2581,Gold,Terran
41,CN,2581,Gold,Terran
41,CN,2581,Gold,Protoss
41,CN,2581,Gold,Protoss
41,CN,2581,Gold,Protoss
41,CN,2581,Gold,Zerg
41,CN,2581,Gold,Protoss
41,CN,2581,Gold,Zerg
41,CN,2581,Gold,Random
41,CN,2579,Gold,Zerg
41,CN,2579,Gold,Protoss
41,CN,2579,Gold,Terran
41,CN,2579,Gold,Terran
41,CN,2579,Gold,Terran
41,CN,2579,Gold,Protoss
41,CN,2579,Gold,Zerg
41,CN,2579,Gold,Terran
41,CN,2579,Gold,Terran
41,CN,2579,Gold,Random
41,CN,2579,Gold,Zerg
41,CN,2579,Gold,Terran
41,CN,2579,Gold,Terran
41,CN,2579,Gold,Zerg
41,CN,2579,Gold,Random
41,CN,2579,Gold,Terran
41,CN,2579,Gold,Protoss
41,CN,2579,Gold,Terran
41,CN,2579,Gold,Terran
41,CN,2579,Gold,Zerg
41,CN,2579,Gold,Zerg
41,CN,2579,Gold,Zerg
41,CN,2579,Gold,Zerg
41,CN,2579,Gold,Protoss
41,CN,2579,Gold,Terran
41,CN,2579,Gold,Protoss
41,CN,2579,Gold,Protoss
41,CN,2579,Gold,Protoss
41,CN,2579,Gold,Terran
41,CN,2579,Gold,Terran
41,CN,2579,Gold,Protoss
41,CN,2579,Gold,Terran
41,CN,2579,Gold,Random
41,CN,2579,Gold,Terran
41,CN,2579,Gold,Random
41,CN,2579,Gold,Terran
41,CN,2579,Gold,Terran
41,CN,2579,Gold,Terran
41,CN,2579,Gold,Protoss
41,CN,2579,Gold,Terran
41,CN,2579,Gold,Terran
41,CN,2579,Gold,Protoss
41,CN,2579,Gold,Protoss
41,CN,2579,Gold,Protoss
41,CN,2579,Gold,Zerg
41,CN,2579,Gold,Zerg
41,CN,2579,Gold,Zerg
41,CN,2579,Gold,Terran
41,CN,2579,Gold,Terran
41,CN,2579,Gold,Protoss
41,CN,2579,Gold,Terran
41,CN,2579,Gold,Zerg
41,CN,2579,Gold,Terran
41,CN,2579,Gold,Zerg
41,CN,2579,Gold,Terran
41,CN,2579,Gold,Protoss
41,CN,2579,Gold,Terran
41,CN,2579,Gold,Protoss
41,CN,2579,Gold,Terran
41,CN,2579,Gold,Protoss
41,CN,2579,Gold,Protoss
41,CN,2579,Gold,Zerg
41,CN,2579,Gold,Terran
41,CN,2579,Gold,Terran
41,CN,2579,Gold,Random
41,CN,2579,Gold,Protoss
41,CN,2579,Gold,Terran
41,CN,2578,Gold,Zerg
41,CN,2578,Gold,Zerg
41,CN,2578,Gold,Terran
41,CN,2578,Gold,Zerg
41,CN,2578,Gold,Protoss
41,CN,2578,Gold,Zerg
41,CN,2578,Gold,Zerg
41,CN,2578,Gold,Terran
41,CN,2578,Gold,Terran
41,CN,2578,Gold,Protoss
41,CN,2578,Gold,Protoss
41,CN,2578,Gold,Terran
41,CN,2578,Gold,Zerg
41,CN,2578,Gold,Zerg
41,CN,2578,Gold,Random
41,CN,2578,Gold,Terran
41,CN,2578,Gold,Terran
41,CN,2578,Gold,Terran
41,CN,2578,Gold,Protoss
41,CN,2578,Gold,Zerg
41,CN,2578,Gold,Protoss
41,CN,2578,Gold,Protoss
41,CN,2578,Gold,Terran
41,CN,2578,Gold,Zerg
41,CN,2578,Gold,Protoss
41,CN,2578,Gold,Protoss
41,CN,2578,Gold,Zerg
41,CN,2578,Gold,Protoss
41,CN,2578,Gold,Terran
41,CN,2578,Gold,Random
41,CN,2578,Gold,Zerg
41,CN,2578,Gold,Terran
41,CN,2578,Gold,Protoss
41,CN,2576,Gold,Protoss
41,CN,2576,Gold,Zerg
41,CN,2576,Gold,Zerg
41,CN,2576,Gold,Protoss
41,CN,2576,Gold,Protoss
41,CN,2576,Gold,Terran
41,CN,2576,Gold,Terran
41,CN,2576,Gold,Terran
41,CN,2576,Gold,Protoss
41,CN,2576,Gold,Terran
41,CN,2576,Gold,Terran
41,CN,2576,Gold,Terran
41,CN,2576,Gold,Protoss
41,CN,2576,Gold,Protoss
41,CN,2576,Gold,Terran
41,CN,2576,Gold,Terran
41,CN,2576,Gold,Terran
41,CN,2576,Gold,Terran
41,CN,2576,Gold,Protoss
41,CN,2576,Gold,Zerg
41,CN,2576,Gold,Terran
41,CN,2576,Gold,Zerg
41,CN,2576,Gold,Terran
41,CN,2576,Gold,Zerg
41,CN,2576,Gold,Protoss
41,CN,2576,Gold,Protoss
41,CN,2576,Gold,Terran
41,CN,2576,Gold,Terran
41,CN,2576,Gold,Terran
41,CN,2576,Gold,Terran
41,CN,2576,Gold,Zerg
41,CN,2576,Gold,Terran
41,CN,2576,Gold,Terran
41,CN,2576,Gold,Protoss
41,CN,2576,Gold,Zerg
41,CN,2576,Gold,Protoss
41,CN,2576,Gold,Zerg
41,CN,2576,Gold,Terran
41,CN,2576,Gold,Terran
41,CN,2576,Gold,Protoss
41,CN,2576,Gold,Terran
41,CN,2576,Gold,Zerg
41,CN,2576,Gold,Protoss
41,CN,2576,Gold,Zerg
41,CN,2576,Gold,Terran
41,CN,2576,Gold,Terran
41,CN,2576,Gold,Protoss
41,CN,2576,Gold,Zerg
41,CN,2576,Gold,Protoss
41,CN,2576,Gold,Terran
41,CN,2576,Gold,Zerg
41,CN,2576,Gold,Terran
41,CN,2576,Gold,Zerg
41,CN,2576,Gold,Terran
41,CN,2576,Gold,Protoss
41,CN,2576,Gold,Random
41,CN,2576,Gold,Terran
41,CN,2576,Gold,Random
41,CN,2576,Gold,Protoss
41,CN,2576,Gold,Terran
41,CN,2576,Gold,Terran
41,CN,2576,Gold,Zerg
41,CN,2576,Gold,Protoss
41,CN,2576,Gold,Zerg
41,CN,2576,Gold,Terran
41,CN,2576,Gold,Random
41,CN,2576,Gold,Zerg
41,CN,2576,Gold,Zerg
41,CN,2576,Gold,Protoss
41,CN,2575,Gold,Protoss
41,CN,2575,Gold,Terran
41,CN,2575,Gold,Protoss
41,CN,2575,Gold,Terran
41,CN,2575,Gold,Zerg
41,CN,2575,Gold,Zerg
41,CN,2575,Gold,Terran
41,CN,2575,Gold,Zerg
41,CN,2575,Gold,Protoss
41,CN,2575,Gold,Zerg
41,CN,2575,Gold,Zerg
41,CN,2575,Gold,Protoss
41,CN,2575,Gold,Zerg
41,CN,2575,Gold,Terran
41,CN,2575,Gold,Random
41,CN,2575,Gold,Zerg
41,CN,2575,Gold,Terran
41,CN,2575,Gold,Protoss
41,CN,2575,Gold,Terran
41,CN,2575,Gold,Zerg
41,CN,2575,Gold,Terran
41,CN,2575,Gold,Protoss
41,CN,2575,Gold,Protoss
41,CN,2575,Gold,Terran
41,CN,2575,Gold,Random
41,CN,2575,Gold,Random
41,CN,2575,Gold,Terran
41,CN,2575,Gold,Terran
41,CN,2575,Gold,Terran
41,CN,2575,Gold,Terran
41,CN,2575,Gold,Random
41,CN,2573,Gold,Terran
41,CN,2573,Gold,Protoss
41,CN,2573,Gold,Terran
41,CN,2573,Gold,Protoss
41,CN,2573,Gold,Zerg
41,CN,2573,Gold,Protoss
41,CN,2573,Gold,Zerg
41,CN,2573,Gold,Protoss
41,CN,2573,Gold,Protoss
41,CN,2573,Gold,Random
41,CN,2573,Gold,Protoss
41,CN,2573,Gold,Terran
41,CN,2573,Gold,Protoss
41,CN,2573,Gold,Terran
41,CN,2573,Gold,Zerg
41,CN,2573,Gold,Protoss
41,CN,2573,Gold,Protoss
41,CN,2573,Gold,Zerg
41,CN,2573,Gold,Protoss
41,CN,2573,Gold,Protoss
41,CN,2573,Gold,Terran
41,CN,2573,Gold,Protoss
41,CN,2573,Gold,Protoss
41,CN,2573,Gold,Terran
41,CN,2573,Gold,Terran
41,CN,2573,Gold,Terran
41,CN,2573,Gold,Terran
41,CN,2573,Gold,Protoss
41,CN,2573,Gold,Protoss
41,CN,2573,Gold,Protoss
41,CN,2573,Gold,Protoss
41,CN,2573,Gold,Terran
41,CN,2573,Gold,Terran
41,CN,2573,Gold,Zerg
41,CN,2573,Gold,Protoss
41,CN,2573,Gold,Zerg
41,CN,2573,Gold,Zerg
41,CN,2573,Gold,Terran
41,CN,2573,Gold,Zerg
41,CN,2573,Gold,Protoss
41,CN,2573,Gold,Protoss
41,CN,2573,Gold,Zerg
41,CN,2573,Gold,Terran
41,CN,2573,Gold,Zerg
41,CN,2573,Gold,Terran
41,CN,2573,Gold,Zerg
41,CN,2573,Gold,Terran
41,CN,2573,Gold,Protoss
41,CN,2573,Gold,Terran
41,CN,2573,Gold,Terran
41,CN,2573,Gold,Protoss
41,CN,2573,Gold,Terran
41,CN,2573,Gold,Zerg
41,CN,2573,Gold,Terran
41,CN,2573,Gold,Protoss
41,CN,2573,Gold,Protoss
41,CN,2573,Gold,Protoss
41,CN,2573,Gold,Protoss
41,CN,2573,Gold,Protoss
41,CN,2573,Gold,Terran
41,CN,2573,Gold,Protoss
41,CN,2573,Gold,Protoss
41,CN,2573,Gold,Zerg
41,CN,2573,Gold,Zerg
41,CN,2573,Gold,Terran
41,CN,2573,Gold,Protoss
41,CN,2573,Gold,Zerg
41,CN,2573,Gold,Terran
41,CN,2573,Gold,Terran
41,CN,2573,Gold,Terran
41,CN,2573,Gold,Protoss
41,CN,2573,Gold,Terran
41,CN,2573,Gold,Zerg
41,CN,2573,Gold,Terran
41,CN,2573,Gold,Protoss
41,CN,2573,Gold,Terran
41,CN,2573,Gold,Protoss
41,CN,2573,Gold,Protoss
41,CN,2573,Gold,Protoss
41,CN,2573,Gold,Zerg
41,CN,2573,Gold,Terran
41,CN,2573,Gold,Terran
41,CN,2573,Gold,Protoss
41,CN,2573,Gold,Zerg
41,CN,2573,Gold,Protoss
41,CN,2573,Gold,Terran
41,CN,2572,Gold,Terran
41,CN,2572,Gold,Terran
41,CN,2572,Gold,Zerg
41,CN,2572,Gold,Protoss
41,CN,2572,Gold,Terran
41,CN,2572,Gold,Protoss
41,CN,2572,Gold,Protoss
41,CN,2572,Gold,Zerg
41,CN,2572,Gold,Random
41,CN,2572,Gold,Random
41,CN,2572,Gold,Terran
41,CN,2572,Gold,Terran
41,CN,2572,Gold,Zerg
41,CN,2572,Gold,Terran
41,CN,2570,Gold,Zerg
41,CN,2570,Gold,Zerg
41,CN,2570,Gold,Terran
41,CN,2570,Gold,Protoss
41,CN,2570,Gold,Zerg
41,CN,2570,Gold,Terran
41,CN,2570,Gold,Protoss
41,CN,2570,Gold,Zerg
41,CN,2570,Gold,Terran
41,CN,2570,Gold,Terran
41,CN,2570,Gold,Zerg
41,CN,2570,Gold,Protoss
41,CN,2570,Gold,Protoss
41,CN,2570,Gold,Protoss
41,CN,2570,Gold,Random
41,CN,2570,Gold,Protoss
41,CN,2570,Gold,Terran
41,CN,2570,Gold,Terran
41,CN,2570,Gold,Zerg
41,CN,2570,Gold,Protoss
41,CN,2570,Gold,Protoss
41,CN,2570,Gold,Zerg
41,CN,2570,Gold,Zerg
41,CN,2570,Gold,Protoss
41,CN,2570,Gold,Terran
41,CN,2570,Gold,Terran
41,CN,2570,Gold,Terran
41,CN,2570,Gold,Terran
41,CN,2570,Gold,Terran
41,CN,2570,Gold,Terran
41,CN,2570,Gold,Terran
41,CN,2570,Gold,Zerg
41,CN,2570,Gold,Terran
41,CN,2570,Gold,Terran
41,CN,2570,Gold,Terran
41,CN,2570,Gold,Terran
41,CN,2570,Gold,Terran
41,CN,2570,Gold,Random
41,CN,2570,Gold,Protoss
41,CN,2570,Gold,Protoss
41,CN,2570,Gold,Zerg
41,CN,2570,Gold,Protoss
41,CN,2570,Gold,Zerg
41,CN,2570,Gold,Protoss
41,CN,2570,Gold,Terran
41,CN,2570,Gold,Protoss
41,CN,2570,Gold,Protoss
41,CN,2570,Gold,Terran
41,CN,2570,Gold,Protoss
41,CN,2570,Gold,Random
41,CN,2570,Gold,Terran
41,CN,2570,Gold,Protoss
41,CN,2570,Gold,Zerg
41,CN,2570,Gold,Terran
41,CN,2570,Gold,Zerg
41,CN,2570,Gold,Protoss
41,CN,2570,Gold,Zerg
41,CN,2570,Gold,Protoss
41,CN,2570,Gold,Zerg
41,CN,2570,Gold,Terran
41,CN,2570,Gold,Terran
41,CN,2570,Gold,Protoss
41,CN,2570,Gold,Terran
41,CN,2570,Gold,Zerg
41,CN,2570,Gold,Protoss
41,CN,2570,Gold,Protoss
41,CN,2570,Gold,Terran
41,CN,2570,Gold,Zerg
41,CN,2570,Gold,Zerg
41,CN,2570,Gold,Protoss
41,CN,2570,Gold,Random
41,CN,2570,Gold,Terran
41,CN,2570,Gold,Random
41,CN,2570,Gold,Terran
41,CN,2570,Gold,Protoss
41,CN,2570,Gold,Protoss
41,CN,2570,Gold,Protoss
41,CN,2570,Gold,Terran
41,CN,2570,Gold,Zerg
41,CN,2570,Gold,Zerg
41,CN,2570,Gold,Random
41,CN,2570,Gold,Zerg
41,CN,2570,Gold,Terran
41,CN,2570,Gold,Terran
41,CN,2570,Gold,Zerg
41,CN,2570,Gold,Zerg
41,CN,2570,Gold,Zerg
41,CN,2569,Gold,Terran
41,CN,2569,Gold,Zerg
41,CN,2569,Gold,Terran
41,CN,2569,Gold,Terran
41,CN,2569,Gold,Terran
41,CN,2569,Gold,Terran
41,CN,2569,Gold,Zerg
41,CN,2569,Gold,Zerg
41,CN,2569,Gold,Terran
41,CN,2569,Gold,Terran
41,CN,2569,Gold,Protoss
41,CN,2569,Gold,Terran
41,CN,2569,Gold,Zerg
41,CN,2567,Gold,Terran
41,CN,2567,Gold,Zerg
41,CN,2567,Gold,Zerg
41,CN,2567,Gold,Random
41,CN,2567,Gold,Protoss
41,CN,2567,Gold,Terran
41,CN,2567,Gold,Protoss
41,CN,2567,Gold,Zerg
41,CN,2567,Gold,Protoss
41,CN,2567,Gold,Protoss
41,CN,2567,Gold,Zerg
41,CN,2567,Gold,Protoss
41,CN,2567,Gold,Terran
41,CN,2567,Gold,Zerg
41,CN,2567,Gold,Protoss
41,CN,2567,Gold,Protoss
41,CN,2567,Gold,Terran
41,CN,2567,Gold,Protoss
41,CN,2567,Gold,Protoss
41,CN,2567,Gold,Terran
41,CN,2567,Gold,Protoss
41,CN,2567,Gold,Protoss
41,CN,2567,Gold,Zerg
41,CN,2567,Gold,Zerg
41,CN,2567,Gold,Zerg
41,CN,2567,Gold,Terran
41,CN,2567,Gold,Zerg
41,CN,2567,Gold,Zerg
41,CN,2567,Gold,Terran
41,CN,2567,Gold,Zerg
41,CN,2567,Gold,Terran
41,CN,2567,Gold,Protoss
41,CN,2567,Gold,Protoss
41,CN,2567,Gold,Protoss
41,CN,2567,Gold,Protoss
41,CN,2567,Gold,Terran
41,CN,2567,Gold,Protoss
41,CN,2567,Gold,Terran
41,CN,2567,Gold,Protoss
41,CN,2567,Gold,Zerg
41,CN,2567,Gold,Random
41,CN,2567,Gold,Terran
41,CN,2567,Gold,Protoss
41,CN,2567,Gold,Random
41,CN,2567,Gold,Protoss
41,CN,2567,Gold,Zerg
41,CN,2567,Gold,Terran
41,CN,2567,Gold,Protoss
41,CN,2567,Gold,Protoss
41,CN,2567,Gold,Terran
41,CN,2567,Gold,Terran
41,CN,2567,Gold,Protoss
41,CN,2567,Gold,Zerg
41,CN,2567,Gold,Terran
41,CN,2567,Gold,Protoss
41,CN,2567,Gold,Protoss
41,CN,2567,Gold,Protoss
41,CN,2567,Gold,Zerg
41,CN,2567,Gold,Protoss
41,CN,2567,Gold,Terran
41,CN,2567,Gold,Terran
41,CN,2567,Gold,Protoss
41,CN,2567,Gold,Protoss
41,CN,2567,Gold,Protoss
41,CN,2567,Gold,Terran
41,CN,2567,Gold,Terran
41,CN,2567,Gold,Terran
41,CN,2567,Gold,Zerg
41,CN,2567,Gold,Random
41,CN,2567,Gold,Protoss
41,CN,2567,Gold,Protoss
41,CN,2567,Gold,Random
41,CN,2567,Gold,Zerg
41,CN,2567,Gold,Terran
41,CN,2567,Gold,Protoss
41,CN,2567,Gold,Random
41,CN,2567,Gold,Zerg
41,CN,2567,Gold,Terran
41,CN,2566,Gold,Zerg
41,CN,2566,Gold,Terran
41,CN,2566,Gold,Terran
41,CN,2566,Gold,Protoss
41,CN,2566,Gold,Protoss
41,CN,2566,Gold,Protoss
41,CN,2566,Gold,Protoss
41,CN,2566,Gold,Protoss
41,CN,2566,Gold,Protoss
41,CN,2566,Gold,Zerg
41,CN,2566,Gold,Protoss
41,CN,2566,Gold,Zerg
41,CN,2566,Gold,Protoss
41,CN,2566,Gold,Zerg
41,CN,2566,Gold,Protoss
41,CN,2566,Gold,Zerg
41,CN,2566,Gold,Protoss
41,CN,2566,Gold,Zerg
41,CN,2566,Gold,Terran
41,CN,2566,Gold,Zerg
41,CN,2566,Gold,Random
41,CN,2566,Gold,Terran
41,CN,2564,Gold,Terran
41,CN,2564,Gold,Terran
41,CN,2564,Gold,Terran
41,CN,2564,Gold,Zerg
41,CN,2564,Gold,Terran
41,CN,2564,Gold,Terran
41,CN,2564,Gold,Zerg
41,CN,2564,Gold,Random
41,CN,2564,Gold,Protoss
41,CN,2564,Gold,Protoss
41,CN,2564,Gold,Terran
41,CN,2564,Gold,Zerg
41,CN,2564,Gold,Protoss
41,CN,2564,Gold,Terran
41,CN,2564,Gold,Protoss
41,CN,2564,Gold,Protoss
41,CN,2564,Gold,Protoss
41,CN,2564,Gold,Zerg
41,CN,2564,Gold,Zerg
41,CN,2564,Gold,Zerg
41,CN,2564,Gold,Protoss
41,CN,2564,Gold,Protoss
41,CN,2564,Gold,Protoss
41,CN,2564,Gold,Terran
41,CN,2564,Gold,Terran
41,CN,2564,Gold,Terran
41,CN,2564,Gold,Protoss
41,CN,2564,Gold,Terran
41,CN,2564,Gold,Zerg
41,CN,2564,Gold,Zerg
41,CN,2564,Gold,Terran
41,CN,2564,Gold,Protoss
41,CN,2564,Gold,Terran
41,CN,2564,Gold,Protoss
41,CN,2564,Gold,Random
41,CN,2564,Gold,Zerg
41,CN,2564,Gold,Zerg
41,CN,2564,Gold,Terran
41,CN,2564,Gold,Protoss
41,CN,2564,Gold,Terran
41,CN,2564,Gold,Terran
41,CN,2564,Gold,Terran
41,CN,2564,Gold,Terran
41,CN,2564,Gold,Protoss
41,CN,2564,Gold,Protoss
41,CN,2564,Gold,Terran
41,CN,2564,Gold,Zerg
41,CN,2564,Gold,Terran
41,CN,2564,Gold,Protoss
41,CN,2564,Gold,Terran
41,CN,2564,Gold,Terran
41,CN,2564,Gold,Terran
41,CN,2564,Gold,Zerg
41,CN,2564,Gold,Terran
41,CN,2564,Gold,Terran
41,CN,2564,Gold,Zerg
41,CN,2564,Gold,Protoss
41,CN,2564,Gold,Zerg
41,CN,2564,Gold,Protoss
41,CN,2564,Gold,Zerg
41,CN,2563,Gold,Zerg
41,CN,2563,Gold,Terran
41,CN,2563,Gold,Protoss
41,CN,2563,Gold,Protoss
41,CN,2563,Gold,Terran
41,CN,2563,Gold,Random
41,CN,2563,Gold,Zerg
41,CN,2563,Gold,Protoss
41,CN,2563,Gold,Zerg
41,CN,2563,Gold,Random
41,CN,2563,Gold,Terran
41,CN,2563,Gold,Terran
41,CN,2563,Gold,Protoss
41,CN,2563,Gold,Zerg
41,CN,2563,Gold,Terran
41,CN,2563,Gold,Protoss
41,CN,2563,Gold,Protoss
41,CN,2563,Gold,Terran
41,CN,2563,Gold,Terran
41,CN,2563,Gold,Terran
41,CN,2563,Gold,Terran
41,CN,2563,Gold,Terran
41,CN,2563,Gold,Random
41,CN,2563,Gold,Terran
41,CN,2563,Gold,Protoss
41,CN,2563,Gold,Protoss
41,CN,2563,Gold,Terran
41,CN,2563,Gold,Zerg
41,CN,2563,Gold,Terran
41,CN,2563,Gold,Terran
41,CN,2563,Gold,Terran
41,CN,2563,Gold,Terran
41,CN,2563,Gold,Protoss
41,CN,2563,Gold,Random
41,CN,2563,Gold,Zerg
41,CN,2563,Gold,Zerg
41,CN,2563,Gold,Protoss
41,CN,2563,Gold,Terran
41,CN,2563,Gold,Protoss
41,CN,2563,Gold,Protoss
41,CN,2561,Gold,Protoss
41,CN,2561,Gold,Protoss
41,CN,2561,Gold,Terran
41,CN,2561,Gold,Protoss
41,CN,2561,Gold,Terran
41,CN,2561,Gold,Zerg
41,CN,2561,Gold,Protoss
41,CN,2561,Gold,Protoss
41,CN,2561,Gold,Protoss
41,CN,2561,Gold,Protoss
41,CN,2561,Gold,Zerg
41,CN,2561,Gold,Zerg
41,CN,2561,Gold,Zerg
41,CN,2561,Gold,Protoss
41,CN,2561,Gold,Protoss
41,CN,2561,Gold,Zerg
41,CN,2561,Gold,Zerg
41,CN,2561,Gold,Protoss
41,CN,2561,Gold,Protoss
41,CN,2561,Gold,Terran
41,CN,2561,Gold,Zerg
41,CN,2561,Gold,Terran
41,CN,2561,Gold,Terran
41,CN,2561,Gold,Protoss
41,CN,2561,Gold,Terran
41,CN,2561,Gold,Terran
41,CN,2561,Gold,Protoss
41,CN,2561,Gold,Zerg
41,CN,2561,Gold,Terran
41,CN,2561,Gold,Zerg
41,CN,2561,Gold,Terran
41,CN,2561,Gold,Zerg
41,CN,2561,Gold,Random
41,CN,2561,Gold,Protoss
41,CN,2561,Gold,Terran
41,CN,2561,Gold,Protoss
41,CN,2561,Gold,Protoss
41,CN,2561,Gold,Terran
41,CN,2561,Gold,Protoss
41,CN,2561,Gold,Terran
41,CN,2561,Gold,Terran
41,CN,2561,Gold,Protoss
41,CN,2561,Gold,Terran
41,CN,2561,Gold,Zerg
41,CN,2561,Gold,Terran
41,CN,2561,Gold,Protoss
41,CN,2561,Gold,Zerg
41,CN,2561,Gold,Zerg
41,CN,2561,Gold,Protoss
41,CN,2561,Gold,Protoss
41,CN,2561,Gold,Terran
41,CN,2561,Gold,Random
41,CN,2561,Gold,Zerg
41,CN,2561,Gold,Terran
41,CN,2561,Gold,Zerg
41,CN,2561,Gold,Random
41,CN,2561,Gold,Zerg
41,CN,2561,Gold,Zerg
41,CN,2561,Gold,Terran
41,CN,2561,Gold,Terran
41,CN,2561,Gold,Zerg
41,CN,2560,Gold,Terran
41,CN,2560,Gold,Protoss
41,CN,2560,Gold,Terran
41,CN,2560,Gold,Protoss
41,CN,2560,Gold,Protoss
41,CN,2560,Gold,Zerg
41,CN,2560,Gold,Terran
41,CN,2560,Gold,Zerg
41,CN,2560,Gold,Zerg
41,CN,2560,Gold,Terran
41,CN,2560,Gold,Terran
41,CN,2560,Gold,Terran
41,CN,2560,Gold,Terran
41,CN,2560,Gold,Zerg
41,CN,2560,Gold,Zerg
41,CN,2560,Gold,Protoss
41,CN,2560,Gold,Protoss
41,CN,2560,Gold,Terran
41,CN,2560,Gold,Protoss
41,CN,2560,Gold,Protoss
41,CN,2560,Gold,Terran
41,CN,2560,Gold,Zerg
41,CN,2560,Gold,Terran
41,CN,2560,Gold,Zerg
41,CN,2560,Gold,Zerg
41,CN,2560,Gold,Terran
41,CN,2560,Gold,Terran
41,CN,2560,Gold,Terran
41,CN,2560,Gold,Protoss
41,CN,2560,Gold,Random
41,CN,2560,Gold,Protoss
41,CN,2560,Gold,Random
41,CN,2560,Gold,Zerg
41,CN,2560,Gold,Terran
41,CN,2560,Gold,Zerg
41,CN,2560,Gold,Protoss
41,CN,2560,Gold,Protoss
41,CN,2560,Gold,Terran
41,CN,2560,Gold,Zerg
41,CN,2558,Gold,Terran
41,CN,2558,Gold,Protoss
41,CN,2558,Gold,Zerg
41,CN,2558,Gold,Protoss
41,CN,2558,Gold,Zerg
41,CN,2558,Gold,Terran
41,CN,2558,Gold,Terran
41,CN,2558,Gold,Zerg
41,CN,2558,Gold,Random
41,CN,2558,Gold,Protoss
41,CN,2558,Gold,Terran
41,CN,2558,Gold,Terran
41,CN,2558,Gold,Terran
41,CN,2558,Gold,Terran
41,CN,2558,Gold,Random
41,CN,2558,Gold,Random
41,CN,2558,Gold,Terran
41,CN,2558,Gold,Protoss
41,CN,2558,Gold,Zerg
41,CN,2558,Gold,Protoss
41,CN,2558,Gold,Protoss
41,CN,2558,Gold,Terran
41,CN,2558,Gold,Zerg
41,CN,2558,Gold,Protoss
41,CN,2558,Gold,Protoss
41,CN,2558,Gold,Random
41,CN,2558,Gold,Random
41,CN,2558,Gold,Protoss
41,CN,2558,Gold,Zerg
41,CN,2558,Gold,Terran
41,CN,2558,Gold,Terran
41,CN,2558,Gold,Terran
41,CN,2558,Gold,Terran
41,CN,2558,Gold,Protoss
41,CN,2558,Gold,Terran
41,CN,2558,Gold,Terran
41,CN,2558,Gold,Terran
41,CN,2558,Gold,Protoss
41,CN,2558,Gold,Protoss
41,CN,2558,Gold,Terran
41,CN,2558,Gold,Terran
41,CN,2558,Gold,Terran
41,CN,2558,Gold,Terran
41,CN,2558,Gold,Terran
41,CN,2558,Gold,Terran
41,CN,2558,Gold,Random
41,CN,2558,Gold,Terran
41,CN,2558,Gold,Zerg
41,CN,2558,Gold,Zerg
41,CN,2558,Gold,Terran
41,CN,2558,Gold,Terran
41,CN,2558,Gold,Terran
41,CN,2558,Gold,Zerg
41,CN,2558,Gold,Protoss
41,CN,2558,Gold,Zerg
41,CN,2558,Gold,Protoss
41,CN,2558,Gold,Zerg
41,CN,2558,Gold,Terran
41,CN,2558,Gold,Terran
41,CN,2558,Gold,Protoss
41,CN,2558,Gold,Terran
41,CN,2558,Gold,Protoss
41,CN,2558,Gold,Terran
41,CN,2558,Gold,Protoss
41,CN,2558,Gold,Terran
41,CN,2558,Gold,Terran
41,CN,2558,Gold,Terran
41,CN,2558,Gold,Random
41,CN,2558,Gold,Protoss
41,CN,2558,Gold,Terran
41,CN,2558,Gold,Protoss
41,CN,2558,Gold,Protoss
41,CN,2558,Gold,Protoss
41,CN,2558,Gold,Protoss
41,CN,2558,Gold,Protoss
41,CN,2558,Gold,Protoss
41,CN,2558,Gold,Terran
41,CN,2558,Gold,Protoss
41,CN,2558,Gold,Protoss
41,CN,2558,Gold,Protoss
41,CN,2558,Gold,Random
41,CN,2558,Gold,Zerg
41,CN,2558,Gold,Random
41,CN,2558,Gold,Terran
41,CN,2557,Gold,Zerg
41,CN,2557,Gold,Random
41,CN,2557,Gold,Protoss
41,CN,2557,Gold,Protoss
41,CN,2557,Gold,Protoss
41,CN,2557,Gold,Terran
41,CN,2557,Gold,Terran
41,CN,2557,Gold,Terran
41,CN,2557,Gold,Protoss
41,CN,2557,Gold,Protoss
41,CN,2557,Gold,Terran
41,CN,2557,Gold,Protoss
41,CN,2557,Gold,Protoss
41,CN,2557,Gold,Terran
41,CN,2557,Gold,Protoss
41,CN,2557,Gold,Protoss
41,CN,2555,Gold,Zerg
41,CN,2555,Gold,Terran
41,CN,2555,Gold,Zerg
41,CN,2555,Gold,Terran
41,CN,2555,Gold,Protoss
41,CN,2555,Gold,Terran
41,CN,2555,Gold,Zerg
41,CN,2555,Gold,Protoss
41,CN,2555,Gold,Protoss
41,CN,2555,Gold,Protoss
41,CN,2555,Gold,Protoss
41,CN,2555,Gold,Terran
41,CN,2555,Gold,Terran
41,CN,2555,Gold,Protoss
41,CN,2555,Gold,Protoss
41,CN,2555,Gold,Protoss
41,CN,2555,Gold,Terran
41,CN,2555,Gold,Protoss
41,CN,2555,Gold,Random
41,CN,2555,Gold,Protoss
41,CN,2555,Gold,Protoss
41,CN,2555,Gold,Protoss
41,CN,2555,Gold,Protoss
41,CN,2555,Gold,Terran
41,CN,2555,Gold,Terran
41,CN,2555,Gold,Protoss
41,CN,2555,Gold,Terran
41,CN,2555,Gold,Terran
41,CN,2555,Gold,Protoss
41,CN,2555,Gold,Protoss
41,CN,2555,Gold,Random
41,CN,2555,Gold,Random
41,CN,2555,Gold,Protoss
41,CN,2555,Gold,Random
41,CN,2555,Gold,Zerg
41,CN,2555,Gold,Zerg
41,CN,2555,Gold,Random
41,CN,2555,Gold,Protoss
41,CN,2555,Gold,Terran
41,CN,2555,Gold,Terran
41,CN,2555,Gold,Terran
41,CN,2555,Gold,Terran
41,CN,2555,Gold,Protoss
41,CN,2555,Gold,Protoss
41,CN,2555,Gold,Terran
41,CN,2555,Gold,Terran
41,CN,2555,Gold,Terran
41,CN,2555,Gold,Zerg
41,CN,2555,Gold,Protoss
41,CN,2555,Gold,Terran
41,CN,2555,Gold,Zerg
41,CN,2555,Gold,Protoss
41,CN,2555,Gold,Protoss
41,CN,2555,Gold,Random
41,CN,2555,Gold,Zerg
41,CN,2555,Gold,Zerg
41,CN,2555,Gold,Zerg
41,CN,2555,Gold,Terran
41,CN,2555,Gold,Terran
41,CN,2555,Gold,Terran
41,CN,2555,Gold,Protoss
41,CN,2555,Gold,Terran
41,CN,2555,Gold,Terran
41,CN,2555,Gold,Protoss
41,CN,2555,Gold,Protoss
41,CN,2555,Gold,Terran
41,CN,2555,Gold,Terran
41,CN,2554,Gold,Protoss
41,CN,2554,Gold,Protoss
41,CN,2554,Gold,Terran
41,CN,2554,Gold,Zerg
41,CN,2554,Gold,Protoss
41,CN,2554,Gold,Terran
41,CN,2554,Gold,Zerg
41,CN,2554,Gold,Zerg
41,CN,2554,Gold,Zerg
41,CN,2554,Gold,Protoss
41,CN,2554,Gold,Protoss
41,CN,2554,Gold,Terran
41,CN,2554,Gold,Protoss
41,CN,2554,Gold,Protoss
41,CN,2554,Gold,Terran
41,CN,2554,Gold,Random
41,CN,2554,Gold,Terran
41,CN,2554,Gold,Protoss
41,CN,2554,Gold,Random
41,CN,2554,Gold,Terran
41,CN,2554,Gold,Protoss
41,CN,2554,Gold,Zerg
41,CN,2554,Gold,Protoss
41,CN,2554,Gold,Protoss
41,CN,2554,Gold,Protoss
41,CN,2554,Gold,Random
41,CN,2554,Gold,Zerg
41,CN,2554,Gold,Zerg
41,CN,2554,Gold,Zerg
41,CN,2554,Gold,Zerg
41,CN,2554,Gold,Protoss
41,CN,2554,Gold,Terran
41,CN,2554,Gold,Protoss
41,CN,2552,Gold,Terran
41,CN,2552,Gold,Protoss
41,CN,2552,Gold,Protoss
41,CN,2552,Gold,Terran
41,CN,2552,Gold,Terran
41,CN,2552,Gold,Random
41,CN,2552,Gold,Terran
41,CN,2552,Gold,Zerg
41,CN,2552,Gold,Protoss
41,CN,2552,Gold,Terran
41,CN,2552,Gold,Terran
41,CN,2552,Gold,Protoss
41,CN,2552,Gold,Terran
41,CN,2552,Gold,Protoss
41,CN,2552,Gold,Zerg
41,CN,2552,Gold,Zerg
41,CN,2552,Gold,Protoss
41,CN,2552,Gold,Protoss
41,CN,2552,Gold,Protoss
41,CN,2552,Gold,Zerg
41,CN,2552,Gold,Protoss
41,CN,2552,Gold,Protoss
41,CN,2552,Gold,Terran
41,CN,2552,Gold,Terran
41,CN,2552,Gold,Protoss
41,CN,2552,Gold,Terran
41,CN,2552,Gold,Terran
41,CN,2552,Gold,Terran
41,CN,2552,Gold,Zerg
41,CN,2552,Gold,Protoss
41,CN,2552,Gold,Terran
41,CN,2552,Gold,Protoss
41,CN,2552,Gold,Terran
41,CN,2552,Gold,Zerg
41,CN,2552,Gold,Protoss
41,CN,2552,Gold,Zerg
41,CN,2552,Gold,Protoss
41,CN,2552,Gold,Protoss
41,CN,2552,Gold,Terran
41,CN,2552,Gold,Terran
41,CN,2552,Gold,Protoss
41,CN,2552,Gold,Terran
41,CN,2552,Gold,Random
41,CN,2552,Gold,Zerg
41,CN,2552,Gold,Random
41,CN,2552,Gold,Protoss
41,CN,2552,Gold,Zerg
41,CN,2552,Gold,Random
41,CN,2552,Gold,Random
41,CN,2552,Gold,Terran
41,CN,2552,Gold,Zerg
41,CN,2552,Gold,Protoss
41,CN,2552,Gold,Terran
41,CN,2552,Gold,Random
41,CN,2552,Gold,Terran
41,CN,2552,Gold,Terran
41,CN,2552,Gold,Terran
41,CN,2552,Gold,Protoss
41,CN,2552,Gold,Terran
41,CN,2552,Gold,Terran
41,CN,2552,Gold,Terran
41,CN,2552,Gold,Zerg
41,CN,2552,Gold,Zerg
41,CN,2552,Gold,Zerg
41,CN,2552,Gold,Protoss
41,CN,2552,Gold,Protoss
41,CN,2552,Gold,Zerg
41,CN,2552,Gold,Protoss
41,CN,2552,Gold,Protoss
41,CN,2552,Gold,Terran
41,CN,2552,Gold,Random
41,CN,2552,Gold,Terran
41,CN,2552,Gold,Protoss
41,CN,2551,Gold,Protoss
41,CN,2551,Gold,Protoss
41,CN,2551,Gold,Zerg
41,CN,2551,Gold,Terran
41,CN,2551,Gold,Protoss
41,CN,2551,Gold,Protoss
41,CN,2551,Gold,Protoss
41,CN,2551,Gold,Terran
41,CN,2551,Gold,Zerg
41,CN,2551,Gold,Random
41,CN,2551,Gold,Terran
41,CN,2551,Gold,Protoss
41,CN,2551,Gold,Terran
41,CN,2551,Gold,Protoss
41,CN,2551,Gold,Random
41,CN,2551,Gold,Protoss
41,CN,2551,Gold,Terran
41,CN,2551,Gold,Terran
41,CN,2551,Gold,Zerg
41,CN,2551,Gold,Zerg
41,CN,2551,Gold,Protoss
41,CN,2551,Gold,Protoss
41,CN,2551,Gold,Zerg
41,CN,2551,Gold,Zerg
41,CN,2551,Gold,Terran
41,CN,2551,Gold,Random
41,CN,2551,Gold,Terran
41,CN,2549,Gold,Terran
41,CN,2549,Gold,Terran
41,CN,2549,Gold,Zerg
41,CN,2549,Gold,Protoss
41,CN,2549,Gold,Terran
41,CN,2549,Gold,Protoss
41,CN,2549,Gold,Terran
41,CN,2549,Gold,Zerg
41,CN,2549,Gold,Terran
41,CN,2549,Gold,Terran
41,CN,2549,Gold,Terran
41,CN,2549,Gold,Zerg
41,CN,2549,Gold,Protoss
41,CN,2549,Gold,Terran
41,CN,2549,Gold,Terran
41,CN,2549,Gold,Terran
41,CN,2549,Gold,Protoss
41,CN,2549,Gold,Zerg
41,CN,2549,Gold,Terran
41,CN,2549,Gold,Protoss
41,CN,2549,Gold,Zerg
41,CN,2549,Gold,Protoss
41,CN,2549,Gold,Protoss
41,CN,2549,Gold,Terran
41,CN,2549,Gold,Terran
41,CN,2549,Gold,Terran
41,CN,2549,Gold,Protoss
41,CN,2549,Gold,Protoss
41,CN,2549,Gold,Terran
41,CN,2549,Gold,Protoss
41,CN,2549,Gold,Random
41,CN,2549,Gold,Zerg
41,CN,2549,Gold,Protoss
41,CN,2549,Gold,Protoss
41,CN,2549,Gold,Zerg
41,CN,2549,Gold,Terran
41,CN,2549,Gold,Zerg
41,CN,2549,Gold,Terran
41,CN,2549,Gold,Protoss
41,CN,2549,Gold,Terran
41,CN,2549,Gold,Zerg
41,CN,2549,Gold,Zerg
41,CN,2549,Gold,Terran
41,CN,2549,Gold,Protoss
41,CN,2549,Gold,Protoss
41,CN,2549,Gold,Protoss
41,CN,2549,Gold,Protoss
41,CN,2549,Gold,Terran
41,CN,2549,Gold,Protoss
41,CN,2549,Gold,Terran
41,CN,2549,Gold,Zerg
41,CN,2549,Gold,Protoss
41,CN,2549,Gold,Protoss
41,CN,2549,Gold,Protoss
41,CN,2549,Gold,Protoss
41,CN,2549,Gold,Terran
41,CN,2549,Gold,Protoss
41,CN,2549,Gold,Terran
41,CN,2549,Gold,Protoss
41,CN,2549,Gold,Terran
41,CN,2549,Gold,Zerg
41,CN,2549,Gold,Protoss
41,CN,2549,Gold,Protoss
41,CN,2549,Gold,Protoss
41,CN,2548,Gold,Random
41,CN,2548,Gold,Zerg
41,CN,2548,Gold,Zerg
41,CN,2548,Gold,Terran
41,CN,2548,Gold,Random
41,CN,2548,Gold,Protoss
41,CN,2548,Gold,Random
41,CN,2548,Gold,Zerg
41,CN,2548,Gold,Random
41,CN,2548,Gold,Terran
41,CN,2548,Gold,Random
41,CN,2548,Gold,Zerg
41,CN,2548,Gold,Zerg
41,CN,2548,Gold,Zerg
41,CN,2548,Gold,Zerg
41,CN,2548,Gold,Terran
41,CN,2548,Gold,Zerg
41,CN,2548,Gold,Zerg
41,CN,2548,Gold,Zerg
41,CN,2548,Gold,Terran
41,CN,2548,Gold,Zerg
41,CN,2548,Gold,Terran
41,CN,2548,Gold,Zerg
41,CN,2548,Gold,Protoss
41,CN,2548,Gold,Terran
41,CN,2548,Gold,Zerg
41,CN,2548,Gold,Zerg
41,CN,2548,Gold,Protoss
41,CN,2548,Gold,Random
41,CN,2548,Gold,Terran
41,CN,2548,Gold,Protoss
41,CN,2548,Gold,Protoss
41,CN,2548,Gold,Protoss
41,CN,2548,Gold,Protoss
41,CN,2548,Gold,Protoss
41,CN,2548,Gold,Terran
41,CN,2546,Gold,Protoss
41,CN,2546,Gold,Zerg
41,CN,2546,Gold,Terran
41,CN,2546,Gold,Protoss
41,CN,2546,Gold,Terran
41,CN,2546,Gold,Zerg
41,CN,2546,Gold,Terran
41,CN,2546,Gold,Zerg
41,CN,2546,Gold,Protoss
41,CN,2546,Gold,Zerg
41,CN,2546,Gold,Protoss
41,CN,2546,Gold,Terran
41,CN,2546,Gold,Terran
41,CN,2546,Gold,Zerg
41,CN,2546,Gold,Terran
41,CN,2546,Gold,Terran
41,CN,2546,Gold,Protoss
41,CN,2546,Gold,Terran
41,CN,2546,Gold,Terran
41,CN,2546,Gold,Zerg
41,CN,2546,Gold,Protoss
41,CN,2546,Gold,Protoss
41,CN,2546,Gold,Protoss
41,CN,2546,Gold,Protoss
41,CN,2546,Gold,Terran
41,CN,2546,Gold,Terran
41,CN,2546,Gold,Protoss
41,CN,2546,Gold,Terran
41,CN,2546,Gold,Zerg
41,CN,2546,Gold,Zerg
41,CN,2546,Gold,Zerg
41,CN,2546,Gold,Protoss
41,CN,2546,Gold,Protoss
41,CN,2546,Gold,Protoss
41,CN,2546,Gold,Zerg
41,CN,2546,Gold,Protoss
41,CN,2546,Gold,Terran
41,CN,2546,Gold,Terran
41,CN,2546,Gold,Protoss
41,CN,2546,Gold,Terran
41,CN,2546,Gold,Zerg
41,CN,2546,Gold,Terran
41,CN,2546,Gold,Terran
41,CN,2546,Gold,Terran
41,CN,2546,Gold,Terran
41,CN,2546,Gold,Terran
41,CN,2546,Gold,Protoss
41,CN,2546,Gold,Protoss
41,CN,2546,Gold,Zerg
41,CN,2546,Gold,Terran
41,CN,2546,Gold,Terran
41,CN,2546,Gold,Zerg
41,CN,2546,Gold,Random
41,CN,2546,Gold,Protoss
41,CN,2546,Gold,Terran
41,CN,2546,Gold,Terran
41,CN,2546,Gold,Zerg
41,CN,2546,Gold,Protoss
41,CN,2546,Gold,Zerg
41,CN,2546,Gold,Zerg
41,CN,2546,Gold,Terran
41,CN,2546,Gold,Terran
41,CN,2546,Gold,Terran
41,CN,2546,Gold,Zerg
41,CN,2546,Gold,Protoss
41,CN,2546,Gold,Protoss
41,CN,2546,Gold,Protoss
41,CN,2546,Gold,Terran
41,CN,2545,Gold,Terran
41,CN,2545,Gold,Zerg
41,CN,2545,Gold,Zerg
41,CN,2545,Gold,Terran
41,CN,2545,Gold,Zerg
41,CN,2545,Gold,Zerg
41,CN,2545,Gold,Zerg
41,CN,2545,Gold,Protoss
41,CN,2545,Gold,Terran
41,CN,2545,Gold,Terran
41,CN,2545,Gold,Terran
41,CN,2545,Gold,Terran
41,CN,2545,Gold,Terran
41,CN,2545,Gold,Terran
41,CN,2545,Gold,Terran
41,CN,2545,Gold,Protoss
41,CN,2545,Gold,Protoss
41,CN,2545,Gold,Terran
41,CN,2545,Gold,Terran
41,CN,2545,Gold,Protoss
41,CN,2545,Gold,Zerg
41,CN,2545,Gold,Zerg
41,CN,2545,Gold,Terran
41,CN,2545,Gold,Zerg
41,CN,2545,Gold,Zerg
41,CN,2545,Gold,Random
41,CN,2545,Gold,Terran
41,CN,2545,Gold,Zerg
41,CN,2545,Gold,Terran
41,CN,2545,Gold,Protoss
41,CN,2545,Gold,Zerg
41,CN,2545,Gold,Terran
41,CN,2543,Gold,Protoss
41,CN,2543,Gold,Protoss
41,CN,2543,Gold,Terran
41,CN,2543,Gold,Terran
41,CN,2543,Gold,Terran
41,CN,2543,Gold,Protoss
41,CN,2543,Gold,Protoss
41,CN,2543,Gold,Terran
41,CN,2543,Gold,Protoss
41,CN,2543,Gold,Zerg
41,CN,2543,Gold,Protoss
41,CN,2543,Gold,Protoss
41,CN,2543,Gold,Terran
41,CN,2543,Gold,Protoss
41,CN,2543,Gold,Terran
41,CN,2543,Gold,Zerg
41,CN,2543,Gold,Zerg
41,CN,2543,Gold,Terran
41,CN,2543,Gold,Terran
41,CN,2543,Gold,Terran
41,CN,2543,Gold,Protoss
41,CN,2543,Gold,Protoss
41,CN,2543,Gold,Terran
41,CN,2543,Gold,Protoss
41,CN,2543,Gold,Protoss
41,CN,2543,Gold,Terran
41,CN,2543,Gold,Protoss
41,CN,2543,Gold,Terran
41,CN,2543,Gold,Zerg
41,CN,2543,Gold,Terran
41,CN,2543,Gold,Protoss
41,CN,2543,Gold,Protoss
41,CN,2543,Gold,Protoss
41,CN,2543,Gold,Terran
41,CN,2543,Gold,Random
41,CN,2543,Gold,Terran
41,CN,2543,Gold,Zerg
41,CN,2543,Gold,Protoss
41,CN,2543,Gold,Zerg
41,CN,2543,Gold,Zerg
41,CN,2543,Gold,Terran
41,CN,2543,Gold,Terran
41,CN,2543,Gold,Terran
41,CN,2543,Gold,Protoss
41,CN,2543,Gold,Terran
41,CN,2543,Gold,Terran
41,CN,2543,Gold,Protoss
41,CN,2543,Gold,Zerg
41,CN,2543,Gold,Terran
41,CN,2543,Gold,Terran
41,CN,2543,Gold,Protoss
41,CN,2543,Gold,Protoss
41,CN,2543,Gold,Random
41,CN,2543,Gold,Terran
41,CN,2543,Gold,Terran
41,CN,2543,Gold,Terran
41,CN,2543,Gold,Terran
41,CN,2543,Gold,Terran
41,CN,2543,Gold,Terran
41,CN,2543,Gold,Terran
41,CN,2543,Gold,Terran
41,CN,2543,Gold,Terran
41,CN,2543,Gold,Zerg
41,CN,2543,Gold,Zerg
41,CN,2543,Gold,Protoss
41,CN,2543,Gold,Terran
41,CN,2543,Gold,Terran
41,CN,2543,Gold,Protoss
41,CN,2543,Gold,Zerg
41,CN,2543,Gold,Zerg
41,CN,2543,Gold,Protoss
41,CN,2543,Gold,Protoss
41,CN,2543,Gold,Terran
41,CN,2543,Gold,Terran
41,CN,2543,Gold,Terran
41,CN,2543,Gold,Protoss
41,CN,2543,Gold,Terran
41,CN,2543,Gold,Zerg
41,CN,2543,Gold,Protoss
41,CN,2542,Gold,Zerg
41,CN,2542,Gold,Zerg
41,CN,2542,Gold,Terran
41,CN,2542,Gold,Terran
41,CN,2542,Gold,Zerg
41,CN,2542,Gold,Zerg
41,CN,2542,Gold,Zerg
41,CN,2542,Gold,Terran
41,CN,2542,Gold,Terran
41,CN,2542,Gold,Protoss
41,CN,2542,Gold,Random
41,CN,2542,Gold,Protoss
41,CN,2542,Gold,Terran
41,CN,2542,Gold,Terran
41,CN,2542,Gold,Zerg
41,CN,2542,Gold,Terran
41,CN,2542,Gold,Terran
41,CN,2542,Gold,Zerg
41,CN,2542,Gold,Random
41,CN,2542,Gold,Zerg
41,CN,2542,Gold,Random
41,CN,2540,Gold,Zerg
41,CN,2540,Gold,Zerg
41,CN,2540,Gold,Terran
41,CN,2540,Gold,Protoss
41,CN,2540,Gold,Zerg
41,CN,2540,Gold,Terran
41,CN,2540,Gold,Terran
41,CN,2540,Gold,Protoss
41,CN,2540,Gold,Terran
41,CN,2540,Gold,Terran
41,CN,2540,Gold,Protoss
41,CN,2540,Gold,Zerg
41,CN,2540,Gold,Protoss
41,CN,2540,Gold,Zerg
41,CN,2540,Gold,Terran
41,CN,2540,Gold,Protoss
41,CN,2540,Gold,Protoss
41,CN,2540,Gold,Protoss
41,CN,2540,Gold,Zerg
41,CN,2540,Gold,Zerg
41,CN,2540,Gold,Protoss
41,CN,2540,Gold,Protoss
41,CN,2540,Gold,Zerg
41,CN,2540,Gold,Protoss
41,CN,2540,Gold,Zerg
41,CN,2540,Gold,Zerg
41,CN,2540,Gold,Protoss
41,CN,2540,Gold,Protoss
41,CN,2540,Gold,Zerg
41,CN,2540,Gold,Terran
41,CN,2540,Gold,Terran
41,CN,2540,Gold,Zerg
41,CN,2540,Gold,Protoss
41,CN,2540,Gold,Random
41,CN,2540,Gold,Zerg
41,CN,2540,Gold,Protoss
41,CN,2540,Gold,Terran
41,CN,2540,Gold,Zerg
41,CN,2540,Gold,Terran
41,CN,2540,Gold,Random
41,CN,2540,Gold,Terran
41,CN,2540,Gold,Terran
41,CN,2540,Gold,Terran
41,CN,2540,Gold,Terran
41,CN,2540,Gold,Zerg
41,CN,2540,Gold,Zerg
41,CN,2540,Gold,Terran
41,CN,2540,Gold,Protoss
41,CN,2540,Gold,Zerg
41,CN,2540,Gold,Protoss
41,CN,2540,Gold,Terran
41,CN,2540,Gold,Random
41,CN,2540,Gold,Protoss
41,CN,2540,Gold,Zerg
41,CN,2540,Gold,Terran
41,CN,2540,Gold,Protoss
41,CN,2540,Gold,Protoss
41,CN,2540,Gold,Terran
41,CN,2540,Gold,Protoss
41,CN,2540,Gold,Protoss
41,CN,2540,Gold,Terran
41,CN,2540,Gold,Terran
41,CN,2540,Gold,Terran
41,CN,2540,Gold,Terran
41,CN,2540,Gold,Zerg
41,CN,2540,Gold,Terran
41,CN,2540,Gold,Protoss
41,CN,2540,Gold,Random
41,CN,2540,Gold,Zerg
41,CN,2540,Gold,Protoss
41,CN,2540,Gold,Protoss
41,CN,2540,Gold,Zerg
41,CN,2540,Gold,Terran
41,CN,2540,Gold,Protoss
41,CN,2540,Gold,Terran
41,CN,2540,Gold,Terran
41,CN,2540,Gold,Protoss
41,CN,2540,Gold,Zerg
41,CN,2540,Gold,Terran
41,CN,2540,Gold,Terran
41,CN,2540,Gold,Protoss
41,CN,2539,Gold,Zerg
41,CN,2539,Gold,Terran
41,CN,2539,Gold,Terran
41,CN,2539,Gold,Terran
41,CN,2539,Gold,Protoss
41,CN,2539,Gold,Protoss
41,CN,2539,Gold,Protoss
41,CN,2539,Gold,Terran
41,CN,2539,Gold,Protoss
41,CN,2539,Gold,Protoss
41,CN,2539,Gold,Protoss
41,CN,2539,Gold,Terran
41,CN,2539,Gold,Protoss
41,CN,2539,Gold,Random
41,CN,2539,Gold,Protoss
41,CN,2539,Gold,Zerg
41,CN,2539,Gold,Protoss
41,CN,2539,Gold,Protoss
41,CN,2539,Gold,Protoss
41,CN,2537,Gold,Terran
41,CN,2537,Gold,Zerg
41,CN,2537,Gold,Protoss
41,CN,2537,Gold,Terran
41,CN,2537,Gold,Zerg
41,CN,2537,Gold,Terran
41,CN,2537,Gold,Protoss
41,CN,2537,Gold,Terran
41,CN,2537,Gold,Terran
41,CN,2537,Gold,Protoss
41,CN,2537,Gold,Protoss
41,CN,2537,Gold,Terran
41,CN,2537,Gold,Terran
41,CN,2537,Gold,Zerg
41,CN,2537,Gold,Protoss
41,CN,2537,Gold,Protoss
41,CN,2537,Gold,Terran
41,CN,2537,Gold,Protoss
41,CN,2537,Gold,Zerg
41,CN,2537,Gold,Protoss
41,CN,2537,Gold,Terran
41,CN,2537,Gold,Protoss
41,CN,2537,Gold,Zerg
41,CN,2537,Gold,Protoss
41,CN,2537,Gold,Zerg
41,CN,2537,Gold,Zerg
41,CN,2537,Gold,Zerg
41,CN,2537,Gold,Protoss
41,CN,2537,Gold,Protoss
41,CN,2537,Gold,Random
41,CN,2537,Gold,Protoss
41,CN,2537,Gold,Terran
41,CN,2537,Gold,Terran
41,CN,2537,Gold,Protoss
41,CN,2537,Gold,Terran
41,CN,2537,Gold,Terran
41,CN,2537,Gold,Protoss
41,CN,2537,Gold,Protoss
41,CN,2537,Gold,Terran
41,CN,2537,Gold,Terran
41,CN,2537,Gold,Protoss
41,CN,2537,Gold,Protoss
41,CN,2537,Gold,Protoss
41,CN,2537,Gold,Terran
41,CN,2537,Gold,Protoss
41,CN,2537,Gold,Protoss
41,CN,2537,Gold,Terran
41,CN,2537,Gold,Protoss
41,CN,2537,Gold,Terran
41,CN,2537,Gold,Terran
41,CN,2537,Gold,Protoss
41,CN,2537,Gold,Protoss
41,CN,2537,Gold,Protoss
41,CN,2537,Gold,Protoss
41,CN,2537,Gold,Terran
41,CN,2537,Gold,Terran
41,CN,2537,Gold,Terran
41,CN,2537,Gold,Zerg
41,CN,2537,Gold,Zerg
41,CN,2537,Gold,Zerg
41,CN,2537,Gold,Zerg
41,CN,2537,Gold,Zerg
41,CN,2537,Gold,Protoss
41,CN,2537,Gold,Terran
41,CN,2537,Gold,Terran
41,CN,2537,Gold,Random
41,CN,2537,Gold,Terran
41,CN,2537,Gold,Terran
41,CN,2537,Gold,Terran
41,CN,2537,Gold,Terran
41,CN,2537,Gold,Zerg
41,CN,2536,Gold,Protoss
41,CN,2536,Gold,Zerg
41,CN,2536,Gold,Protoss
41,CN,2536,Gold,Zerg
41,CN,2536,Gold,Zerg
41,CN,2536,Gold,Terran
41,CN,2536,Gold,Terran
41,CN,2536,Gold,Zerg
41,CN,2536,Gold,Protoss
41,CN,2536,Gold,Protoss
41,CN,2536,Gold,Random
41,CN,2536,Gold,Zerg
41,CN,2536,Gold,Zerg
41,CN,2536,Gold,Protoss
41,CN,2536,Gold,Protoss
41,CN,2536,Gold,Terran
41,CN,2536,Gold,Zerg
41,CN,2536,Gold,Protoss
41,CN,2536,Gold,Protoss
41,CN,2536,Gold,Protoss
41,CN,2536,Gold,Terran
41,CN,2536,Gold,Terran
41,CN,2536,Gold,Terran
41,CN,2536,Gold,Random
41,CN,2536,Gold,Zerg
41,CN,2536,Gold,Terran
41,CN,2536,Gold,Terran
41,CN,2536,Gold,Protoss
41,CN,2536,Gold,Terran
41,CN,2534,Gold,Random
41,CN,2534,Gold,Zerg
41,CN,2534,Gold,Zerg
41,CN,2534,Gold,Zerg
41,CN,2534,Gold,Zerg
41,CN,2534,Gold,Terran
41,CN,2534,Gold,Zerg
41,CN,2534,Gold,Random
41,CN,2534,Gold,Zerg
41,CN,2534,Gold,Protoss
41,CN,2534,Gold,Terran
41,CN,2534,Gold,Protoss
41,CN,2534,Gold,Terran
41,CN,2534,Gold,Protoss
41,CN,2534,Gold,Protoss
41,CN,2534,Gold,Terran
41,CN,2534,Gold,Terran
41,CN,2534,Gold,Terran
41,CN,2534,Gold,Protoss
41,CN,2534,Gold,Terran
41,CN,2534,Gold,Protoss
41,CN,2534,Gold,Terran
41,CN,2534,Gold,Protoss
41,CN,2534,Gold,Protoss
41,CN,2534,Gold,Terran
41,CN,2534,Gold,Zerg
41,CN,2534,Gold,Protoss
41,CN,2534,Gold,Protoss
41,CN,2534,Gold,Protoss
41,CN,2534,Gold,Terran
41,CN,2534,Gold,Terran
41,CN,2534,Gold,Terran
41,CN,2534,Gold,Random
41,CN,2534,Gold,Terran
41,CN,2534,Gold,Terran
41,CN,2534,Gold,Zerg
41,CN,2534,Gold,Protoss
41,CN,2534,Gold,Zerg
41,CN,2534,Gold,Zerg
41,CN,2534,Gold,Protoss
41,CN,2534,Gold,Terran
41,CN,2534,Gold,Protoss
41,CN,2534,Gold,Protoss
41,CN,2534,Gold,Terran
41,CN,2534,Gold,Random
41,CN,2534,Gold,Protoss
41,CN,2534,Gold,Protoss
41,CN,2534,Gold,Terran
41,CN,2534,Gold,Protoss
41,CN,2534,Gold,Protoss
41,CN,2534,Gold,Zerg
41,CN,2534,Gold,Zerg
41,CN,2534,Gold,Zerg
41,CN,2534,Gold,Zerg
41,CN,2534,Gold,Terran
41,CN,2534,Gold,Zerg
41,CN,2534,Gold,Zerg
41,CN,2534,Gold,Terran
41,CN,2534,Gold,Protoss
41,CN,2534,Gold,Terran
41,CN,2534,Gold,Terran
41,CN,2534,Gold,Zerg
41,CN,2534,Gold,Protoss
41,CN,2534,Gold,Zerg
41,CN,2534,Gold,Protoss
41,CN,2534,Gold,Terran
41,CN,2534,Gold,Terran
41,CN,2534,Gold,Zerg
41,CN,2534,Gold,Protoss
41,CN,2534,Gold,Protoss
41,CN,2534,Gold,Zerg
41,CN,2534,Gold,Zerg
41,CN,2534,Gold,Protoss
41,CN,2534,Gold,Protoss
41,CN,2534,Gold,Zerg
41,CN,2534,Gold,Terran
41,CN,2534,Gold,Protoss
41,CN,2534,Gold,Protoss
41,CN,2534,Gold,Protoss
41,CN,2534,Gold,Protoss
41,CN,2534,Gold,Protoss
41,CN,2534,Gold,Terran
41,CN,2533,Gold,Random
41,CN,2533,Gold,Zerg
41,CN,2533,Gold,Zerg
41,CN,2533,Gold,Protoss
41,CN,2533,Gold,Terran
41,CN,2533,Gold,Terran
41,CN,2533,Gold,Protoss
41,CN,2533,Gold,Terran
41,CN,2533,Gold,Terran
41,CN,2533,Gold,Terran
41,CN,2533,Gold,Protoss
41,CN,2533,Gold,Terran
41,CN,2533,Gold,Zerg
41,CN,2533,Gold,Protoss
41,CN,2533,Gold,Terran
41,CN,2533,Gold,Terran
41,CN,2533,Gold,Zerg
41,CN,2533,Gold,Protoss
41,CN,2531,Gold,Random
41,CN,2531,Gold,Zerg
41,CN,2531,Gold,Zerg
41,CN,2531,Gold,Terran
41,CN,2531,Gold,Protoss
41,CN,2531,Gold,Protoss
41,CN,2531,Gold,Zerg
41,CN,2531,Gold,Protoss
41,CN,2531,Gold,Protoss
41,CN,2531,Gold,Protoss
41,CN,2531,Gold,Terran
41,CN,2531,Gold,Zerg
41,CN,2531,Gold,Protoss
41,CN,2531,Gold,Random
41,CN,2531,Gold,Zerg
41,CN,2531,Gold,Protoss
41,CN,2531,Gold,Protoss
41,CN,2531,Gold,Protoss
41,CN,2531,Gold,Protoss
41,CN,2531,Gold,Protoss
41,CN,2531,Gold,Protoss
41,CN,2531,Gold,Protoss
41,CN,2531,Gold,Terran
41,CN,2531,Gold,Zerg
41,CN,2531,Gold,Protoss
41,CN,2531,Gold,Zerg
41,CN,2531,Gold,Protoss
41,CN,2531,Gold,Zerg
41,CN,2531,Gold,Terran
41,CN,2531,Gold,Protoss
41,CN,2531,Gold,Terran
41,CN,2531,Gold,Terran
41,CN,2531,Gold,Random
41,CN,2531,Gold,Protoss
41,CN,2531,Gold,Zerg
41,CN,2531,Gold,Zerg
41,CN,2531,Gold,Protoss
41,CN,2531,Gold,Protoss
41,CN,2531,Gold,Protoss
41,CN,2531,Gold,Protoss
41,CN,2531,Gold,Terran
41,CN,2531,Gold,Terran
41,CN,2531,Gold,Random
41,CN,2531,Gold,Protoss
41,CN,2531,Gold,Protoss
41,CN,2531,Gold,Protoss
41,CN,2531,Gold,Zerg
41,CN,2531,Gold,Protoss
41,CN,2531,Gold,Terran
41,CN,2531,Gold,Terran
41,CN,2531,Gold,Protoss
41,CN,2531,Gold,Terran
41,CN,2531,Gold,Terran
41,CN,2531,Gold,Zerg
41,CN,2531,Gold,Zerg
41,CN,2531,Gold,Random
41,CN,2531,Gold,Protoss
41,CN,2531,Gold,Terran
41,CN,2531,Gold,Zerg
41,CN,2531,Gold,Terran
41,CN,2531,Gold,Terran
41,CN,2531,Gold,Protoss
41,CN,2531,Gold,Terran
41,CN,2531,Gold,Protoss
41,CN,2531,Gold,Protoss
41,CN,2531,Gold,Protoss
41,CN,2531,Gold,Protoss
41,CN,2531,Gold,Terran
41,CN,2531,Gold,Zerg
41,CN,2531,Gold,Zerg
41,CN,2531,Gold,Protoss
41,CN,2531,Gold,Protoss
41,CN,2531,Gold,Zerg
41,CN,2531,Gold,Protoss
41,CN,2531,Gold,Terran
41,CN,2531,Gold,Protoss
41,CN,2531,Gold,Zerg
41,CN,2531,Gold,Zerg
41,CN,2531,Gold,Protoss
41,CN,2531,Gold,Zerg
41,CN,2530,Gold,Terran
41,CN,2530,Gold,Terran
41,CN,2530,Gold,Protoss
41,CN,2530,Gold,Zerg
41,CN,2530,Gold,Terran
41,CN,2530,Gold,Protoss
41,CN,2530,Gold,Zerg
41,CN,2530,Gold,Zerg
41,CN,2530,Gold,Zerg
41,CN,2530,Gold,Zerg
41,CN,2530,Gold,Terran
41,CN,2530,Gold,Terran
41,CN,2530,Gold,Zerg
41,CN,2530,Gold,Protoss
41,CN,2530,Gold,Protoss
41,CN,2530,Gold,Protoss
41,CN,2530,Gold,Terran
41,CN,2530,Gold,Terran
41,CN,2530,Gold,Terran
41,CN,2530,Gold,Protoss
41,CN,2528,Gold,Zerg
41,CN,2528,Gold,Zerg
41,CN,2528,Gold,Random
41,CN,2528,Gold,Zerg
41,CN,2528,Gold,Zerg
41,CN,2528,Gold,Protoss
41,CN,2528,Gold,Protoss
41,CN,2528,Gold,Terran
41,CN,2528,Gold,Protoss
41,CN,2528,Gold,Protoss
41,CN,2528,Gold,Zerg
41,CN,2528,Gold,Terran
41,CN,2528,Gold,Zerg
41,CN,2528,Gold,Zerg
41,CN,2528,Gold,Terran
41,CN,2528,Gold,Zerg
41,CN,2528,Gold,Protoss
41,CN,2528,Gold,Zerg
41,CN,2528,Gold,Random
41,CN,2528,Gold,Zerg
41,CN,2528,Gold,Zerg
41,CN,2528,Gold,Protoss
41,CN,2528,Gold,Zerg
41,CN,2528,Gold,Protoss
41,CN,2528,Gold,Protoss
41,CN,2528,Gold,Random
41,CN,2528,Gold,Zerg
41,CN,2528,Gold,Random
41,CN,2528,Gold,Protoss
41,CN,2528,Gold,Zerg
41,CN,2528,Gold,Terran
41,CN,2528,Gold,Zerg
41,CN,2528,Gold,Terran
41,CN,2528,Gold,Protoss
41,CN,2528,Gold,Terran
41,CN,2528,Gold,Protoss
41,CN,2528,Gold,Terran
41,CN,2528,Gold,Protoss
41,CN,2528,Gold,Protoss
41,CN,2528,Gold,Random
41,CN,2528,Gold,Protoss
41,CN,2528,Gold,Protoss
41,CN,2528,Gold,Terran
41,CN,2528,Gold,Protoss
41,CN,2528,Gold,Protoss
41,CN,2528,Gold,Zerg
41,CN,2528,Gold,Protoss
41,CN,2528,Gold,Protoss
41,CN,2528,Gold,Terran
41,CN,2528,Gold,Zerg
41,CN,2528,Gold,Protoss
41,CN,2528,Gold,Terran
41,CN,2528,Gold,Terran
41,CN,2528,Gold,Terran
41,CN,2528,Gold,Zerg
41,CN,2528,Gold,Terran
41,CN,2528,Gold,Random
41,CN,2528,Gold,Protoss
41,CN,2528,Gold,Terran
41,CN,2528,Gold,Zerg
41,CN,2528,Gold,Zerg
41,CN,2528,Gold,Terran
41,CN,2528,Gold,Zerg
41,CN,2528,Gold,Protoss
41,CN,2528,Gold,Protoss
41,CN,2528,Gold,Terran
41,CN,2528,Gold,Terran
41,CN,2528,Gold,Random
41,CN,2528,Gold,Terran
41,CN,2528,Gold,Protoss
41,CN,2528,Gold,Terran
41,CN,2528,Gold,Terran
41,CN,2528,Gold,Protoss
41,CN,2528,Gold,Protoss
41,CN,2528,Gold,Terran
41,CN,2528,Gold,Terran
41,CN,2528,Gold,Protoss
41,CN,2528,Gold,Protoss
41,CN,2528,Gold,Protoss
41,CN,2528,Gold,Terran
41,CN,2528,Gold,Random
41,CN,2528,Gold,Terran
41,CN,2527,Gold,Protoss
41,CN,2527,Gold,Protoss
41,CN,2527,Gold,Zerg
41,CN,2527,Gold,Zerg
41,CN,2527,Gold,Terran
41,CN,2527,Gold,Protoss
41,CN,2527,Gold,Terran
41,CN,2527,Gold,Protoss
41,CN,2527,Gold,Protoss
41,CN,2527,Gold,Random
41,CN,2527,Gold,Protoss
41,CN,2527,Gold,Terran
41,CN,2527,Gold,Zerg
41,CN,2527,Gold,Random
41,CN,2527,Gold,Protoss
41,CN,2527,Gold,Terran
41,CN,2527,Gold,Protoss
41,CN,2527,Gold,Protoss
41,CN,2525,Gold,Terran
41,CN,2525,Gold,Zerg
41,CN,2525,Gold,Terran
41,CN,2525,Gold,Terran
41,CN,2525,Gold,Protoss
41,CN,2525,Gold,Protoss
41,CN,2525,Gold,Protoss
41,CN,2525,Gold,Terran
41,CN,2525,Gold,Terran
41,CN,2525,Gold,Protoss
41,CN,2525,Gold,Zerg
41,CN,2525,Gold,Zerg
41,CN,2525,Gold,Protoss
41,CN,2525,Gold,Terran
41,CN,2525,Gold,Protoss
41,CN,2525,Gold,Protoss
41,CN,2525,Gold,Protoss
41,CN,2525,Gold,Protoss
41,CN,2525,Gold,Terran
41,CN,2525,Gold,Protoss
41,CN,2525,Gold,Zerg
41,CN,2525,Gold,Random
41,CN,2525,Gold,Protoss
41,CN,2525,Gold,Random
41,CN,2525,Gold,Protoss
41,CN,2525,Gold,Protoss
41,CN,2525,Gold,Zerg
41,CN,2525,Gold,Protoss
41,CN,2525,Gold,Zerg
41,CN,2525,Gold,Terran
41,CN,2525,Gold,Terran
41,CN,2525,Gold,Protoss
41,CN,2525,Gold,Terran
41,CN,2525,Gold,Protoss
41,CN,2525,Gold,Random
41,CN,2525,Gold,Terran
41,CN,2525,Gold,Terran
41,CN,2525,Gold,Zerg
41,CN,2525,Gold,Zerg
41,CN,2525,Gold,Terran
41,CN,2525,Gold,Protoss
41,CN,2525,Gold,Protoss
41,CN,2525,Gold,Protoss
41,CN,2525,Gold,Protoss
41,CN,2525,Gold,Protoss
41,CN,2525,Gold,Protoss
41,CN,2525,Gold,Zerg
41,CN,2525,Gold,Terran
41,CN,2525,Gold,Zerg
41,CN,2525,Gold,Terran
41,CN,2525,Gold,Random
41,CN,2525,Gold,Zerg
41,CN,2525,Gold,Protoss
41,CN,2525,Gold,Terran
41,CN,2525,Gold,Terran
41,CN,2525,Gold,Terran
41,CN,2525,Gold,Zerg
41,CN,2525,Gold,Terran
41,CN,2525,Gold,Protoss
41,CN,2525,Gold,Terran
41,CN,2525,Gold,Terran
41,CN,2525,Gold,Zerg
41,CN,2525,Gold,Zerg
41,CN,2525,Gold,Protoss
41,CN,2525,Gold,Terran
41,CN,2525,Gold,Protoss
41,CN,2525,Gold,Protoss
41,CN,2525,Gold,Terran
41,CN,2525,Gold,Terran
41,CN,2525,Gold,Protoss
41,CN,2525,Gold,Protoss
41,CN,2525,Gold,Protoss
41,CN,2525,Gold,Protoss
41,CN,2525,Gold,Protoss
41,CN,2524,Gold,Protoss
41,CN,2524,Gold,Terran
41,CN,2524,Gold,Terran
41,CN,2524,Gold,Terran
41,CN,2524,Gold,Terran
41,CN,2524,Gold,Zerg
41,CN,2524,Gold,Terran
41,CN,2524,Gold,Terran
41,CN,2524,Gold,Terran
41,CN,2524,Gold,Terran
41,CN,2524,Gold,Protoss
41,CN,2524,Gold,Zerg
41,CN,2524,Gold,Terran
41,CN,2524,Gold,Terran
41,CN,2524,Gold,Terran
41,CN,2524,Gold,Terran
41,CN,2524,Gold,Zerg
41,CN,2524,Gold,Terran
41,CN,2524,Gold,Protoss
41,CN,2524,Gold,Random
41,CN,2524,Gold,Zerg
41,CN,2524,Gold,Protoss
41,CN,2524,Gold,Protoss
41,CN,2524,Gold,Random
41,CN,2524,Gold,Terran
41,CN,2524,Gold,Terran
41,CN,2522,Gold,Protoss
41,CN,2522,Gold,Protoss
41,CN,2522,Gold,Protoss
41,CN,2522,Gold,Random
41,CN,2522,Gold,Protoss
41,CN,2522,Gold,Terran
41,CN,2522,Gold,Protoss
41,CN,2522,Gold,Terran
41,CN,2522,Gold,Zerg
41,CN,2522,Gold,Protoss
41,CN,2522,Gold,Protoss
41,CN,2522,Gold,Zerg
41,CN,2522,Gold,Zerg
41,CN,2522,Gold,Protoss
41,CN,2522,Gold,Protoss
41,CN,2522,Gold,Protoss
41,CN,2522,Gold,Terran
41,CN,2522,Gold,Zerg
41,CN,2522,Gold,Terran
41,CN,2522,Gold,Terran
41,CN,2522,Gold,Protoss
41,CN,2522,Gold,Terran
41,CN,2522,Gold,Zerg
41,CN,2522,Gold,Protoss
41,CN,2522,Gold,Zerg
41,CN,2522,Gold,Random
41,CN,2522,Gold,Terran
41,CN,2522,Gold,Protoss
41,CN,2522,Gold,Zerg
41,CN,2522,Gold,Protoss
41,CN,2522,Gold,Terran
41,CN,2522,Gold,Protoss
41,CN,2522,Gold,Terran
41,CN,2522,Gold,Protoss
41,CN,2522,Gold,Protoss
41,CN,2522,Gold,Terran
41,CN,2522,Gold,Protoss
41,CN,2522,Gold,Terran
41,CN,2522,Gold,Zerg
41,CN,2522,Gold,Terran
41,CN,2522,Gold,Protoss
41,CN,2522,Gold,Protoss
41,CN,2522,Gold,Protoss
41,CN,2522,Gold,Terran
41,CN,2522,Gold,Protoss
41,CN,2522,Gold,Random
41,CN,2522,Gold,Protoss
41,CN,2522,Gold,Terran
41,CN,2522,Gold,Protoss
41,CN,2522,Gold,Protoss
41,CN,2522,Gold,Protoss
41,CN,2522,Gold,Zerg
41,CN,2522,Gold,Protoss
41,CN,2522,Gold,Protoss
41,CN,2522,Gold,Protoss
41,CN,2522,Gold,Terran
41,CN,2522,Gold,Terran
41,CN,2522,Gold,Protoss
41,CN,2522,Gold,Protoss
41,CN,2522,Gold,Zerg
41,CN,2522,Gold,Protoss
41,CN,2522,Gold,Protoss
41,CN,2522,Gold,Zerg
41,CN,2522,Gold,Protoss
41,CN,2522,Gold,Protoss
41,CN,2522,Gold,Protoss
41,CN,2522,Gold,Zerg
41,CN,2522,Gold,Protoss
41,CN,2522,Gold,Terran
41,CN,2522,Gold,Protoss
41,CN,2522,Gold,Protoss
41,CN,2522,Gold,Terran
41,CN,2522,Gold,Terran
41,CN,2522,Gold,Random
41,CN,2522,Gold,Protoss
41,CN,2522,Gold,Zerg
41,CN,2522,Gold,Protoss
41,CN,2522,Gold,Terran
41,CN,2522,Gold,Terran
41,CN,2522,Gold,Protoss
41,CN,2522,Gold,Zerg
41,CN,2522,Gold,Random
41,CN,2522,Gold,Terran
41,CN,2522,Gold,Protoss
41,CN,2522,Gold,Terran
41,CN,2522,Gold,Zerg
41,CN,2521,Gold,Zerg
41,CN,2521,Gold,Terran
41,CN,2521,Gold,Terran
41,CN,2521,Gold,Terran
41,CN,2521,Gold,Terran
41,CN,2521,Gold,Protoss
41,CN,2521,Gold,Protoss
41,CN,2521,Gold,Terran
41,CN,2521,Gold,Protoss
41,CN,2521,Gold,Protoss
41,CN,2521,Gold,Terran
41,CN,2521,Gold,Zerg
41,CN,2521,Gold,Zerg
41,CN,2521,Gold,Terran
41,CN,2519,Gold,Terran
41,CN,2519,Gold,Random
41,CN,2519,Gold,Zerg
41,CN,2519,Gold,Zerg
41,CN,2519,Gold,Zerg
41,CN,2519,Gold,Protoss
41,CN,2519,Gold,Terran
41,CN,2519,Gold,Terran
41,CN,2519,Gold,Protoss
41,CN,2519,Gold,Protoss
41,CN,2519,Gold,Terran
41,CN,2519,Gold,Terran
41,CN,2519,Gold,Zerg
41,CN,2519,Gold,Protoss
41,CN,2519,Gold,Terran
41,CN,2519,Gold,Zerg
41,CN,2519,Gold,Terran
41,CN,2519,Gold,Terran
41,CN,2519,Gold,Terran
41,CN,2519,Gold,Protoss
41,CN,2519,Gold,Protoss
41,CN,2519,Gold,Terran
41,CN,2519,Gold,Zerg
41,CN,2519,Gold,Terran
41,CN,2519,Gold,Random
41,CN,2519,Gold,Terran
41,CN,2519,Gold,Protoss
41,CN,2519,Gold,Protoss
41,CN,2519,Gold,Terran
41,CN,2519,Gold,Protoss
41,CN,2519,Gold,Zerg
41,CN,2519,Gold,Terran
41,CN,2519,Gold,Terran
41,CN,2519,Gold,Terran
41,CN,2519,Gold,Terran
41,CN,2519,Gold,Zerg
41,CN,2519,Gold,Protoss
41,CN,2519,Gold,Protoss
41,CN,2519,Gold,Terran
41,CN,2519,Gold,Protoss
41,CN,2519,Gold,Zerg
41,CN,2519,Gold,Terran
41,CN,2519,Gold,Terran
41,CN,2519,Gold,Protoss
41,CN,2519,Gold,Zerg
41,CN,2519,Gold,Protoss
41,CN,2519,Gold,Zerg
41,CN,2519,Gold,Random
41,CN,2519,Gold,Terran
41,CN,2519,Gold,Protoss
41,CN,2519,Gold,Protoss
41,CN,2519,Gold,Terran
41,CN,2519,Gold,Terran
41,CN,2519,Gold,Protoss
41,CN,2519,Gold,Zerg
41,CN,2519,Gold,Zerg
41,CN,2519,Gold,Terran
41,CN,2518,Gold,Terran
41,CN,2518,Gold,Protoss
41,CN,2518,Gold,Protoss
41,CN,2518,Gold,Terran
41,CN,2518,Gold,Terran
41,CN,2518,Gold,Zerg
41,CN,2518,Gold,Protoss
41,CN,2518,Gold,Zerg
41,CN,2518,Gold,Random
41,CN,2518,Gold,Terran
41,CN,2518,Gold,Terran
41,CN,2518,Gold,Zerg
41,CN,2518,Gold,Terran
41,CN,2518,Gold,Protoss
41,CN,2518,Gold,Terran
41,CN,2518,Gold,Protoss
41,CN,2518,Gold,Protoss
41,CN,2518,Gold,Zerg
41,CN,2518,Gold,Random
41,CN,2518,Gold,Terran
41,CN,2518,Gold,Protoss
41,CN,2518,Gold,Protoss
41,CN,2518,Gold,Protoss
41,CN,2518,Gold,Terran
41,CN,2518,Gold,Protoss
41,CN,2518,Gold,Terran
41,CN,2518,Gold,Terran
41,CN,2518,Gold,Protoss
41,CN,2518,Gold,Terran
41,CN,2518,Gold,Zerg
41,CN,2518,Gold,Protoss
41,CN,2518,Gold,Terran
41,CN,2518,Gold,Protoss
41,CN,2518,Gold,Terran
41,CN,2518,Gold,Protoss
41,CN,2518,Gold,Protoss
41,CN,2518,Gold,Random
41,CN,2518,Gold,Terran
41,CN,2518,Gold,Protoss
41,CN,2518,Gold,Protoss
41,CN,2518,Gold,Protoss
41,CN,2518,Gold,Protoss
41,CN,2518,Gold,Protoss
41,CN,2516,Gold,Zerg
41,CN,2516,Gold,Zerg
41,CN,2516,Gold,Zerg
41,CN,2516,Gold,Random
41,CN,2516,Gold,Protoss
41,CN,2516,Gold,Terran
41,CN,2516,Gold,Zerg
41,CN,2516,Gold,Terran
41,CN,2516,Gold,Terran
41,CN,2516,Gold,Protoss
41,CN,2516,Gold,Random
41,CN,2516,Gold,Protoss
41,CN,2516,Gold,Terran
41,CN,2516,Gold,Terran
41,CN,2516,Gold,Zerg
41,CN,2516,Gold,Terran
41,CN,2516,Gold,Protoss
41,CN,2516,Gold,Terran
41,CN,2516,Gold,Zerg
41,CN,2516,Gold,Terran
41,CN,2516,Gold,Zerg
41,CN,2516,Gold,Protoss
41,CN,2516,Gold,Terran
41,CN,2516,Gold,Protoss
41,CN,2516,Gold,Zerg
41,CN,2516,Gold,Protoss
41,CN,2516,Gold,Protoss
41,CN,2516,Gold,Terran
41,CN,2516,Gold,Terran
41,CN,2516,Gold,Protoss
41,CN,2516,Gold,Terran
41,CN,2516,Gold,Terran
41,CN,2516,Gold,Random
41,CN,2516,Gold,Protoss
41,CN,2516,Gold,Terran
41,CN,2516,Gold,Zerg
41,CN,2516,Gold,Terran
41,CN,2516,Gold,Protoss
41,CN,2516,Gold,Terran
41,CN,2516,Gold,Protoss
41,CN,2516,Gold,Terran
41,CN,2516,Gold,Terran
41,CN,2516,Gold,Zerg
41,CN,2516,Gold,Zerg
41,CN,2516,Gold,Protoss
41,CN,2516,Gold,Terran
41,CN,2516,Gold,Terran
41,CN,2516,Gold,Zerg
41,CN,2516,Gold,Zerg
41,CN,2516,Gold,Zerg
41,CN,2516,Gold,Zerg
41,CN,2516,Gold,Zerg
41,CN,2516,Gold,Protoss
41,CN,2516,Gold,Terran
41,CN,2516,Gold,Random
41,CN,2516,Gold,Zerg
41,CN,2516,Gold,Zerg
41,CN,2516,Gold,Random
41,CN,2516,Gold,Protoss
41,CN,2516,Gold,Random
41,CN,2516,Gold,Protoss
41,CN,2516,Gold,Protoss
41,CN,2516,Gold,Terran
41,CN,2516,Gold,Protoss
41,CN,2516,Gold,Protoss
41,CN,2516,Gold,Terran
41,CN,2516,Gold,Terran
41,CN,2516,Gold,Protoss
41,CN,2515,Gold,Zerg
41,CN,2515,Gold,Protoss
41,CN,2515,Gold,Random
41,CN,2515,Gold,Zerg
41,CN,2515,Gold,Zerg
41,CN,2515,Gold,Terran
41,CN,2515,Gold,Terran
41,CN,2515,Gold,Protoss
41,CN,2515,Gold,Protoss
41,CN,2515,Gold,Protoss
41,CN,2515,Gold,Zerg
41,CN,2515,Gold,Zerg
41,CN,2515,Gold,Terran
41,CN,2515,Gold,Zerg
41,CN,2515,Gold,Terran
41,CN,2515,Gold,Protoss
41,CN,2515,Gold,Zerg
41,CN,2515,Gold,Protoss
41,CN,2515,Gold,Terran
41,CN,2515,Gold,Protoss
41,CN,2515,Gold,Zerg
41,CN,2515,Gold,Protoss
41,CN,2515,Gold,Protoss
41,CN,2515,Gold,Protoss
41,CN,2515,Gold,Zerg
41,CN,2515,Gold,Protoss
41,CN,2515,Gold,Terran
41,CN,2515,Gold,Zerg
41,CN,2515,Gold,Protoss
41,CN,2515,Gold,Protoss
41,CN,2515,Gold,Protoss
41,CN,2515,Gold,Protoss
41,CN,2513,Gold,Protoss
41,CN,2513,Gold,Zerg
41,CN,2513,Gold,Zerg
41,CN,2513,Gold,Protoss
41,CN,2513,Gold,Protoss
41,CN,2513,Gold,Terran
41,CN,2513,Gold,Protoss
41,CN,2513,Gold,Protoss
41,CN,2513,Gold,Zerg
41,CN,2513,Gold,Zerg
41,CN,2513,Gold,Protoss
41,CN,2513,Gold,Protoss
41,CN,2513,Gold,Random
41,CN,2513,Gold,Protoss
41,CN,2513,Gold,Protoss
41,CN,2513,Gold,Terran
41,CN,2513,Gold,Terran
41,CN,2513,Gold,Terran
41,CN,2513,Gold,Protoss
41,CN,2513,Gold,Terran
41,CN,2513,Gold,Terran
41,CN,2513,Gold,Protoss
41,CN,2513,Gold,Terran
41,CN,2513,Gold,Zerg
41,CN,2513,Gold,Random
41,CN,2513,Gold,Zerg
41,CN,2513,Gold,Protoss
41,CN,2513,Gold,Terran
41,CN,2513,Gold,Protoss
41,CN,2513,Gold,Protoss
41,CN,2513,Gold,Terran
41,CN,2513,Gold,Zerg
41,CN,2513,Gold,Terran
41,CN,2513,Gold,Protoss
41,CN,2513,Gold,Terran
41,CN,2513,Gold,Protoss
41,CN,2513,Gold,Protoss
41,CN,2513,Gold,Protoss
41,CN,2513,Gold,Terran
41,CN,2513,Gold,Zerg
41,CN,2513,Gold,Terran
41,CN,2513,Gold,Zerg
41,CN,2513,Gold,Protoss
41,CN,2513,Gold,Terran
41,CN,2513,Gold,Protoss
41,CN,2513,Gold,Zerg
41,CN,2513,Gold,Protoss
41,CN,2513,Gold,Zerg
41,CN,2513,Gold,Zerg
41,CN,2513,Gold,Protoss
41,CN,2513,Gold,Protoss
41,CN,2513,Gold,Protoss
41,CN,2513,Gold,Protoss
41,CN,2513,Gold,Protoss
41,CN,2513,Gold,Terran
41,CN,2513,Gold,Protoss
41,CN,2513,Gold,Protoss
41,CN,2513,Gold,Protoss
41,CN,2513,Gold,Zerg
41,CN,2513,Gold,Zerg
41,CN,2513,Gold,Protoss
41,CN,2513,Gold,Terran
41,CN,2512,Gold,Terran
41,CN,2512,Gold,Random
41,CN,2512,Gold,Terran
41,CN,2512,Gold,Zerg
41,CN,2512,Gold,Zerg
41,CN,2512,Gold,Protoss
41,CN,2512,Gold,Terran
41,CN,2512,Gold,Zerg
41,CN,2512,Gold,Zerg
41,CN,2512,Gold,Zerg
41,CN,2512,Gold,Protoss
41,CN,2512,Gold,Terran
41,CN,2512,Gold,Protoss
41,CN,2512,Gold,Terran
41,CN,2512,Gold,Protoss
41,CN,2512,Gold,Zerg
41,CN,2512,Gold,Random
41,CN,2512,Gold,Terran
41,CN,2512,Gold,Terran
41,CN,2512,Gold,Terran
41,CN,2512,Gold,Terran
41,CN,2512,Gold,Terran
41,CN,2512,Gold,Protoss
41,CN,2512,Gold,Protoss
41,CN,2512,Gold,Protoss
41,CN,2512,Gold,Zerg
41,CN,2512,Gold,Terran
41,CN,2512,Gold,Protoss
41,CN,2512,Gold,Terran
41,CN,2512,Gold,Terran
41,CN,2512,Gold,Terran
41,CN,2512,Gold,Terran
41,CN,2512,Gold,Terran
41,CN,2512,Gold,Random
41,CN,2512,Gold,Protoss
41,CN,2512,Gold,Random
41,CN,2512,Gold,Zerg
41,CN,2512,Gold,Protoss
41,CN,2510,Gold,Terran
41,CN,2510,Gold,Terran
41,CN,2510,Gold,Terran
41,CN,2510,Gold,Random
41,CN,2510,Gold,Protoss
41,CN,2510,Gold,Protoss
41,CN,2510,Gold,Terran
41,CN,2510,Gold,Protoss
41,CN,2510,Gold,Terran
41,CN,2510,Gold,Protoss
41,CN,2510,Gold,Protoss
41,CN,2510,Gold,Zerg
41,CN,2510,Gold,Protoss
41,CN,2510,Gold,Terran
41,CN,2510,Gold,Terran
41,CN,2510,Gold,Protoss
41,CN,2510,Gold,Terran
41,CN,2510,Gold,Terran
41,CN,2510,Gold,Protoss
41,CN,2510,Gold,Zerg
41,CN,2510,Gold,Protoss
41,CN,2510,Gold,Protoss
41,CN,2510,Gold,Zerg
41,CN,2510,Gold,Protoss
41,CN,2510,Gold,Zerg
41,CN,2510,Gold,Protoss
41,CN,2510,Gold,Protoss
41,CN,2510,Gold,Terran
41,CN,2510,Gold,Terran
41,CN,2510,Gold,Terran
41,CN,2510,Gold,Terran
41,CN,2510,Gold,Zerg
41,CN,2510,Gold,Zerg
41,CN,2510,Gold,Zerg
41,CN,2510,Gold,Zerg
41,CN,2510,Gold,Protoss
41,CN,2510,Gold,Protoss
41,CN,2510,Gold,Protoss
41,CN,2510,Gold,Zerg
41,CN,2510,Gold,Terran
41,CN,2510,Gold,Protoss
41,CN,2510,Gold,Terran
41,CN,2510,Gold,Terran
41,CN,2510,Gold,Random
41,CN,2510,Gold,Random
41,CN,2510,Gold,Zerg
41,CN,2510,Gold,Zerg
41,CN,2510,Gold,Terran
41,CN,2509,Gold,Terran
41,CN,2509,Gold,Terran
41,CN,2509,Gold,Zerg
41,CN,2509,Gold,Terran
41,CN,2509,Gold,Protoss
41,CN,2509,Gold,Random
41,CN,2509,Gold,Protoss
41,CN,2509,Gold,Zerg
41,CN,2509,Gold,Terran
41,CN,2509,Gold,Terran
41,CN,2509,Gold,Terran
41,CN,2509,Gold,Terran
41,CN,2509,Gold,Zerg
41,CN,2509,Gold,Terran
41,CN,2509,Gold,Protoss
41,CN,2509,Gold,Protoss
41,CN,2509,Gold,Terran
41,CN,2509,Gold,Protoss
41,CN,2509,Gold,Terran
41,CN,2509,Gold,Protoss
41,CN,2509,Gold,Protoss
41,CN,2509,Gold,Terran
41,CN,2509,Gold,Terran
41,CN,2509,Gold,Terran
41,CN,2509,Gold,Protoss
41,CN,2509,Gold,Protoss
41,CN,2509,Gold,Terran
41,CN,2509,Gold,Protoss
41,CN,2509,Gold,Protoss
41,CN,2509,Gold,Protoss
41,CN,2509,Gold,Protoss
41,CN,2509,Gold,Zerg
41,CN,2509,Gold,Zerg
41,CN,2509,Gold,Protoss
41,CN,2509,Gold,Random
41,CN,2509,Gold,Terran
41,CN,2509,Gold,Terran
41,CN,2509,Gold,Terran
41,CN,2509,Gold,Zerg
41,CN,2509,Gold,Protoss
41,CN,2509,Gold,Terran
41,CN,2509,Gold,Protoss
41,CN,2509,Gold,Protoss
41,CN,2509,Gold,Protoss
41,CN,2509,Gold,Protoss
41,CN,2509,Gold,Protoss
41,CN,2509,Gold,Zerg
41,CN,2509,Gold,Terran
41,CN,2509,Gold,Terran
41,CN,2509,Gold,Terran
41,CN,2509,Gold,Terran
41,CN,2509,Gold,Protoss
41,CN,2507,Gold,Zerg
41,CN,2507,Gold,Protoss
41,CN,2507,Gold,Protoss
41,CN,2507,Gold,Protoss
41,CN,2507,Gold,Terran
41,CN,2507,Gold,Protoss
41,CN,2507,Gold,Protoss
41,CN,2507,Gold,Terran
41,CN,2507,Gold,Protoss
41,CN,2507,Gold,Protoss
41,CN,2507,Gold,Protoss
41,CN,2507,Gold,Random
41,CN,2507,Gold,Protoss
41,CN,2507,Gold,Protoss
41,CN,2507,Gold,Zerg
41,CN,2507,Gold,Protoss
41,CN,2507,Gold,Terran
41,CN,2507,Gold,Terran
41,CN,2507,Gold,Terran
41,CN,2507,Gold,Terran
41,CN,2507,Gold,Terran
41,CN,2507,Gold,Terran
41,CN,2507,Gold,Terran
41,CN,2507,Gold,Zerg
41,CN,2507,Gold,Zerg
41,CN,2507,Gold,Zerg
41,CN,2507,Gold,Protoss
41,CN,2507,Gold,Protoss
41,CN,2507,Gold,Terran
41,CN,2507,Gold,Protoss
41,CN,2507,Gold,Terran
41,CN,2507,Gold,Terran
41,CN,2507,Gold,Zerg
41,CN,2507,Gold,Zerg
41,CN,2507,Gold,Zerg
41,CN,2507,Gold,Protoss
41,CN,2507,Gold,Terran
41,CN,2507,Gold,Terran
41,CN,2507,Gold,Random
41,CN,2507,Gold,Protoss
41,CN,2507,Gold,Zerg
41,CN,2507,Gold,Protoss
41,CN,2507,Gold,Protoss
41,CN,2507,Gold,Zerg
41,CN,2507,Gold,Terran
41,CN,2507,Gold,Terran
41,CN,2507,Gold,Terran
41,CN,2507,Gold,Zerg
41,CN,2507,Gold,Terran
41,CN,2507,Gold,Protoss
41,CN,2507,Gold,Random
41,CN,2507,Gold,Terran
41,CN,2507,Gold,Zerg
41,CN,2507,Gold,Protoss
41,CN,2507,Gold,Protoss
41,CN,2507,Gold,Zerg
41,CN,2507,Gold,Terran
41,CN,2506,Gold,Terran
41,CN,2506,Gold,Zerg
41,CN,2506,Gold,Terran
41,CN,2506,Gold,Terran
41,CN,2506,Gold,Protoss
41,CN,2506,Gold,Protoss
41,CN,2506,Gold,Terran
41,CN,2506,Gold,Protoss
41,CN,2506,Gold,Random
41,CN,2506,Gold,Terran
41,CN,2506,Gold,Zerg
41,CN,2506,Gold,Protoss
41,CN,2506,Gold,Protoss
41,CN,2506,Gold,Protoss
41,CN,2506,Gold,Terran
41,CN,2506,Gold,Terran
41,CN,2506,Gold,Protoss
41,CN,2506,Gold,Protoss
41,CN,2506,Gold,Zerg
41,CN,2506,Gold,Protoss
41,CN,2506,Gold,Terran
41,CN,2506,Gold,Zerg
41,CN,2506,Gold,Zerg
41,CN,2506,Gold,Protoss
41,CN,2506,Gold,Terran
41,CN,2506,Gold,Protoss
41,CN,2506,Gold,Terran
41,CN,2506,Gold,Protoss
41,CN,2506,Gold,Terran
41,CN,2506,Gold,Protoss
41,CN,2506,Gold,Protoss
41,CN,2506,Gold,Terran
41,CN,2506,Gold,Zerg
41,CN,2506,Gold,Terran
41,CN,2506,Gold,Protoss
41,CN,2506,Gold,Terran
41,CN,2506,Gold,Terran
41,CN,2506,Gold,Terran
41,CN,2506,Gold,Random
41,CN,2506,Gold,Protoss
41,CN,2506,Gold,Zerg
41,CN,2506,Gold,Terran
41,CN,2506,Gold,Terran
41,CN,2504,Gold,Protoss
41,CN,2504,Gold,Protoss
41,CN,2504,Gold,Terran
41,CN,2504,Gold,Zerg
41,CN,2504,Gold,Protoss
41,CN,2504,Gold,Terran
41,CN,2504,Gold,Random
41,CN,2504,Gold,Zerg
41,CN,2504,Gold,Zerg
41,CN,2504,Gold,Zerg
41,CN,2504,Gold,Protoss
41,CN,2504,Gold,Terran
41,CN,2504,Gold,Protoss
41,CN,2504,Gold,Zerg
41,CN,2504,Gold,Zerg
41,CN,2504,Gold,Protoss
41,CN,2504,Gold,Terran
41,CN,2504,Gold,Protoss
41,CN,2504,Gold,Zerg
41,CN,2504,Gold,Protoss
41,CN,2504,Gold,Terran
41,CN,2504,Gold,Terran
41,CN,2504,Gold,Zerg
41,CN,2504,Gold,Random
41,CN,2504,Gold,Protoss
41,CN,2504,Gold,Terran
41,CN,2504,Gold,Protoss
41,CN,2504,Gold,Terran
41,CN,2504,Gold,Terran
41,CN,2504,Gold,Terran
41,CN,2504,Gold,Random
41,CN,2504,Gold,Terran
41,CN,2504,Gold,Terran
41,CN,2504,Gold,Zerg
41,CN,2504,Gold,Protoss
41,CN,2504,Gold,Protoss
41,CN,2504,Gold,Protoss
41,CN,2504,Gold,Zerg
41,CN,2504,Gold,Zerg
41,CN,2504,Gold,Zerg
41,CN,2504,Gold,Terran
41,CN,2504,Gold,Protoss
41,CN,2504,Gold,Terran
41,CN,2504,Gold,Protoss
41,CN,2504,Gold,Protoss
41,CN,2504,Gold,Zerg
41,CN,2504,Gold,Zerg
41,CN,2504,Gold,Protoss
41,CN,2504,Gold,Zerg
41,CN,2504,Gold,Protoss
41,CN,2504,Gold,Zerg
41,CN,2504,Gold,Terran
41,CN,2504,Gold,Protoss
41,CN,2504,Gold,Random
41,CN,2504,Gold,Zerg
41,CN,2504,Gold,Protoss
41,CN,2504,Gold,Zerg
41,CN,2504,Gold,Terran
41,CN,2504,Gold,Terran
41,CN,2504,Gold,Terran
41,CN,2504,Gold,Zerg
41,CN,2503,Gold,Protoss
41,CN,2503,Gold,Protoss
41,CN,2503,Gold,Protoss
41,CN,2503,Gold,Zerg
41,CN,2503,Gold,Protoss
41,CN,2503,Gold,Protoss
41,CN,2503,Gold,Protoss
41,CN,2503,Gold,Terran
41,CN,2503,Gold,Protoss
41,CN,2503,Gold,Terran
41,CN,2503,Gold,Terran
41,CN,2503,Gold,Terran
41,CN,2503,Gold,Zerg
41,CN,2503,Gold,Terran
41,CN,2503,Gold,Terran
41,CN,2503,Gold,Protoss
41,CN,2503,Gold,Terran
41,CN,2503,Gold,Zerg
41,CN,2503,Gold,Terran
41,CN,2503,Gold,Protoss
41,CN,2503,Gold,Protoss
41,CN,2503,Gold,Protoss
41,CN,2503,Gold,Terran
41,CN,2503,Gold,Protoss
41,CN,2503,Gold,Zerg
41,CN,2503,Gold,Protoss
41,CN,2503,Gold,Terran
41,CN,2503,Gold,Protoss
41,CN,2503,Gold,Protoss
41,CN,2503,Gold,Protoss
41,CN,2503,Gold,Protoss
41,CN,2503,Gold,Zerg
41,CN,2503,Gold,Zerg
41,CN,2503,Gold,Terran
41,CN,2503,Gold,Terran
41,CN,2503,Gold,Zerg
41,CN,2503,Gold,Protoss
41,CN,2503,Gold,Zerg
41,CN,2503,Gold,Protoss
41,CN,2501,Gold,Zerg
41,CN,2501,Gold,Terran
41,CN,2501,Gold,Protoss
41,CN,2501,Gold,Zerg
41,CN,2501,Gold,Protoss
41,CN,2501,Gold,Terran
41,CN,2501,Gold,Zerg
41,CN,2501,Gold,Terran
41,CN,2501,Gold,Terran
41,CN,2501,Gold,Zerg
41,CN,2501,Gold,Protoss
41,CN,2501,Gold,Terran
41,CN,2501,Gold,Zerg
41,CN,2501,Gold,Zerg
41,CN,2501,Gold,Terran
41,CN,2501,Gold,Terran
41,CN,2501,Gold,Terran
41,CN,2501,Gold,Zerg
41,CN,2501,Gold,Protoss
41,CN,2501,Gold,Protoss
41,CN,2501,Gold,Protoss
41,CN,2501,Gold,Terran
41,CN,2501,Gold,Zerg
41,CN,2501,Gold,Protoss
41,CN,2501,Gold,Zerg
41,CN,2501,Gold,Zerg
41,CN,2501,Gold,Terran
41,CN,2501,Gold,Terran
41,CN,2501,Gold,Zerg
41,CN,2501,Gold,Protoss
41,CN,2501,Gold,Protoss
41,CN,2501,Gold,Protoss
41,CN,2501,Gold,Terran
41,CN,2501,Gold,Protoss
41,CN,2501,Gold,Terran
41,CN,2501,Gold,Zerg
41,CN,2501,Gold,Terran
41,CN,2501,Gold,Terran
41,CN,2501,Gold,Terran
41,CN,2501,Gold,Terran
41,CN,2501,Gold,Zerg
41,CN,2501,Gold,Protoss
41,CN,2501,Gold,Protoss
41,CN,2501,Gold,Zerg
41,CN,2501,Gold,Terran
41,CN,2501,Gold,Terran
41,CN,2501,Gold,Protoss
41,CN,2501,Gold,Protoss
41,CN,2501,Gold,Protoss
41,CN,2501,Gold,Protoss
41,CN,2501,Gold,Zerg
41,CN,2501,Gold,Terran
41,CN,2501,Gold,Zerg
41,CN,2501,Gold,Zerg
41,CN,2501,Gold,Protoss
41,CN,2501,Gold,Terran
41,CN,2501,Gold,Protoss
41,CN,2501,Gold,Random
41,CN,2501,Gold,Protoss
41,CN,2500,Gold,Zerg
41,CN,2500,Gold,Zerg
41,CN,2500,Gold,Zerg
41,CN,2500,Gold,Terran
41,CN,2500,Gold,Zerg
41,CN,2500,Gold,Terran
41,CN,2500,Gold,Protoss
41,CN,2500,Gold,Protoss
41,CN,2500,Gold,Terran
41,CN,2500,Gold,Terran
41,CN,2500,Gold,Protoss
41,CN,2500,Gold,Terran
41,CN,2500,Gold,Protoss
41,CN,2500,Gold,Zerg
41,CN,2500,Gold,Terran
41,CN,2500,Gold,Terran
41,CN,2500,Gold,Terran
41,CN,2500,Gold,Protoss
41,CN,2500,Gold,Zerg
41,CN,2500,Gold,Zerg
41,CN,2500,Gold,Protoss
41,CN,2500,Gold,Terran
41,CN,2500,Gold,Random
41,CN,2500,Gold,Protoss
41,CN,2500,Gold,Random
41,CN,2500,Gold,Protoss
41,CN,2500,Gold,Terran
41,CN,2500,Gold,Protoss
41,CN,2500,Gold,Terran
41,CN,2500,Gold,Random
41,CN,2500,Gold,Protoss
41,CN,2500,Gold,Protoss
41,CN,2500,Gold,Random
41,CN,2500,Gold,Protoss
41,CN,2500,Gold,Zerg
41,CN,2500,Gold,Random
41,CN,2500,Gold,Protoss
41,CN,2500,Gold,Protoss
41,CN,2500,Gold,Protoss
41,CN,2500,Gold,Random
41,CN,2500,Gold,Zerg
41,CN,2498,Gold,Zerg
41,CN,2498,Gold,Terran
41,CN,2498,Gold,Terran
41,CN,2498,Gold,Zerg
41,CN,2498,Gold,Zerg
41,CN,2498,Gold,Random
41,CN,2498,Gold,Zerg
41,CN,2498,Gold,Protoss
41,CN,2498,Gold,Terran
41,CN,2498,Gold,Random
41,CN,2498,Gold,Zerg
41,CN,2498,Gold,Protoss
41,CN,2498,Gold,Random
41,CN,2498,Gold,Protoss
41,CN,2498,Gold,Terran
41,CN,2498,Gold,Terran
41,CN,2498,Gold,Terran
41,CN,2498,Gold,Terran
41,CN,2498,Gold,Protoss
41,CN,2498,Gold,Zerg
41,CN,2498,Gold,Zerg
41,CN,2498,Gold,Protoss
41,CN,2498,Gold,Terran
41,CN,2498,Gold,Protoss
41,CN,2498,Gold,Protoss
41,CN,2498,Gold,Zerg
41,CN,2498,Gold,Zerg
41,CN,2498,Gold,Random
41,CN,2498,Gold,Zerg
41,CN,2498,Gold,Protoss
41,CN,2498,Gold,Zerg
41,CN,2498,Gold,Zerg
41,CN,2498,Gold,Zerg
41,CN,2498,Gold,Terran
41,CN,2498,Gold,Terran
41,CN,2498,Gold,Random
41,CN,2498,Gold,Random
41,CN,2498,Gold,Protoss
41,CN,2498,Gold,Protoss
41,CN,2498,Gold,Protoss
41,CN,2498,Gold,Zerg
41,CN,2498,Gold,Protoss
41,CN,2498,Gold,Protoss
41,CN,2498,Gold,Protoss
41,CN,2498,Gold,Zerg
41,CN,2498,Gold,Terran
41,CN,2498,Gold,Zerg
41,CN,2498,Gold,Terran
41,CN,2498,Gold,Protoss
41,CN,2498,Gold,Zerg
41,CN,2498,Gold,Protoss
41,CN,2498,Gold,Random
41,CN,2498,Gold,Zerg
41,CN,2498,Gold,Protoss
41,CN,2498,Gold,Protoss
41,CN,2498,Gold,Protoss
41,CN,2498,Gold,Terran
41,CN,2498,Gold,Zerg
41,CN,2498,Gold,Random
41,CN,2498,Gold,Zerg
41,CN,2498,Gold,Terran
41,CN,2497,Gold,Terran
41,CN,2497,Gold,Terran
41,CN,2497,Gold,Terran
41,CN,2497,Gold,Zerg
41,CN,2497,Gold,Protoss
41,CN,2497,Gold,Terran
41,CN,2497,Gold,Terran
41,CN,2497,Gold,Terran
41,CN,2497,Gold,Protoss
41,CN,2497,Gold,Terran
41,CN,2497,Gold,Terran
41,CN,2497,Gold,Random
41,CN,2497,Gold,Zerg
41,CN,2497,Gold,Terran
41,CN,2497,Gold,Terran
41,CN,2497,Gold,Terran
41,CN,2497,Gold,Protoss
41,CN,2497,Gold,Terran
41,CN,2497,Gold,Terran
41,CN,2497,Gold,Zerg
41,CN,2497,Gold,Protoss
41,CN,2497,Gold,Protoss
41,CN,2497,Gold,Zerg
41,CN,2497,Gold,Zerg
41,CN,2497,Gold,Protoss
41,CN,2497,Gold,Terran
41,CN,2497,Gold,Terran
41,CN,2497,Gold,Protoss
41,CN,2497,Gold,Terran
41,CN,2497,Gold,Protoss
41,CN,2497,Gold,Terran
41,CN,2497,Gold,Terran
41,CN,2497,Gold,Protoss
41,CN,2497,Gold,Protoss
41,CN,2497,Gold,Zerg
41,CN,2497,Gold,Terran
41,CN,2497,Gold,Zerg
41,CN,2497,Gold,Zerg
41,CN,2497,Gold,Protoss
41,CN,2495,Gold,Protoss
41,CN,2495,Gold,Terran
41,CN,2495,Gold,Protoss
41,CN,2495,Gold,Protoss
41,CN,2495,Gold,Terran
41,CN,2495,Gold,Protoss
41,CN,2495,Gold,Terran
41,CN,2495,Gold,Protoss
41,CN,2495,Gold,Protoss
41,CN,2495,Gold,Terran
41,CN,2495,Gold,Terran
41,CN,2495,Gold,Terran
41,CN,2495,Gold,Terran
41,CN,2495,Gold,Zerg
41,CN,2495,Gold,Terran
41,CN,2495,Gold,Zerg
41,CN,2495,Gold,Protoss
41,CN,2495,Gold,Zerg
41,CN,2495,Gold,Zerg
41,CN,2495,Gold,Protoss
41,CN,2495,Gold,Zerg
41,CN,2495,Gold,Protoss
41,CN,2495,Gold,Protoss
41,CN,2495,Gold,Terran
41,CN,2495,Gold,Protoss
41,CN,2495,Gold,Zerg
41,CN,2495,Gold,Zerg
41,CN,2495,Gold,Zerg
41,CN,2495,Gold,Terran
41,CN,2495,Gold,Terran
41,CN,2495,Gold,Zerg
41,CN,2495,Gold,Protoss
41,CN,2495,Gold,Zerg
41,CN,2495,Gold,Protoss
41,CN,2495,Gold,Protoss
41,CN,2495,Gold,Protoss
41,CN,2495,Gold,Zerg
41,CN,2495,Gold,Zerg
41,CN,2495,Gold,Terran
41,CN,2495,Gold,Zerg
41,CN,2495,Gold,Terran
41,CN,2495,Gold,Protoss
41,CN,2495,Gold,Random
41,CN,2495,Gold,Protoss
41,CN,2495,Gold,Protoss
41,CN,2495,Gold,Terran
41,CN,2495,Gold,Protoss
41,CN,2495,Gold,Terran
41,CN,2495,Gold,Terran
41,CN,2495,Gold,Terran
41,CN,2495,Gold,Zerg
41,CN,2495,Gold,Protoss
41,CN,2495,Gold,Terran
41,CN,2495,Gold,Terran
41,CN,2495,Gold,Protoss
41,CN,2495,Gold,Zerg
41,CN,2495,Gold,Protoss
41,CN,2495,Gold,Protoss
41,CN,2494,Gold,Terran
41,CN,2494,Gold,Protoss
41,CN,2494,Gold,Terran
41,CN,2494,Gold,Protoss
41,CN,2494,Gold,Terran
41,CN,2494,Gold,Terran
41,CN,2494,Gold,Zerg
41,CN,2494,Gold,Terran
41,CN,2494,Gold,Terran
41,CN,2494,Gold,Terran
41,CN,2494,Gold,Terran
41,CN,2494,Gold,Protoss
41,CN,2494,Gold,Terran
41,CN,2494,Gold,Terran
41,CN,2494,Gold,Zerg
41,CN,2494,Gold,Protoss
41,CN,2494,Gold,Terran
41,CN,2494,Gold,Protoss
41,CN,2494,Gold,Terran
41,CN,2494,Gold,Terran
41,CN,2494,Gold,Protoss
41,CN,2494,Gold,Terran
41,CN,2494,Gold,Zerg
41,CN,2494,Gold,Terran
41,CN,2494,Gold,Terran
41,CN,2494,Gold,Zerg
41,CN,2494,Gold,Protoss
41,CN,2494,Gold,Zerg
41,CN,2494,Gold,Terran
41,CN,2494,Gold,Terran
41,CN,2494,Gold,Random
41,CN,2494,Gold,Terran
41,CN,2494,Gold,Protoss
41,CN,2494,Gold,Terran
41,CN,2494,Gold,Terran
41,CN,2494,Gold,Protoss
41,CN,2494,Gold,Terran
41,CN,2494,Gold,Protoss
41,CN,2494,Gold,Protoss
41,CN,2494,Gold,Terran
41,CN,2494,Gold,Random
41,CN,2494,Gold,Protoss
41,CN,2492,Gold,Terran
41,CN,2492,Gold,Protoss
41,CN,2492,Gold,Zerg
41,CN,2492,Gold,Zerg
41,CN,2492,Gold,Protoss
41,CN,2492,Gold,Terran
41,CN,2492,Gold,Terran
41,CN,2492,Gold,Zerg
41,CN,2492,Gold,Protoss
41,CN,2492,Gold,Zerg
41,CN,2492,Gold,Terran
41,CN,2492,Gold,Protoss
41,CN,2492,Gold,Terran
41,CN,2492,Gold,Protoss
41,CN,2492,Gold,Terran
41,CN,2492,Gold,Protoss
41,CN,2492,Gold,Terran
41,CN,2492,Gold,Zerg
41,CN,2492,Gold,Protoss
41,CN,2492,Gold,Terran
41,CN,2492,Gold,Zerg
41,CN,2492,Gold,Zerg
41,CN,2492,Gold,Terran
41,CN,2492,Gold,Protoss
41,CN,2492,Gold,Protoss
41,CN,2492,Gold,Terran
41,CN,2492,Gold,Terran
41,CN,2492,Gold,Zerg
41,CN,2492,Gold,Terran
41,CN,2492,Gold,Terran
41,CN,2492,Gold,Terran
41,CN,2492,Gold,Random
41,CN,2492,Gold,Protoss
41,CN,2492,Gold,Terran
41,CN,2492,Gold,Protoss
41,CN,2492,Gold,Terran
41,CN,2492,Gold,Zerg
41,CN,2492,Gold,Zerg
41,CN,2492,Gold,Terran
41,CN,2492,Gold,Terran
41,CN,2492,Gold,Terran
41,CN,2492,Gold,Zerg
41,CN,2492,Gold,Zerg
41,CN,2492,Gold,Protoss
41,CN,2492,Gold,Zerg
41,CN,2492,Gold,Terran
41,CN,2492,Gold,Zerg
41,CN,2492,Gold,Zerg
41,CN,2492,Gold,Protoss
41,CN,2492,Gold,Random
41,CN,2492,Gold,Terran
41,CN,2492,Gold,Zerg
41,CN,2492,Gold,Protoss
41,CN,2492,Gold,Protoss
41,CN,2492,Gold,Protoss
41,CN,2492,Gold,Protoss
41,CN,2492,Gold,Random
41,CN,2492,Gold,Protoss
41,CN,2492,Gold,Protoss
41,CN,2492,Gold,Terran
41,CN,2492,Gold,Terran
41,CN,2492,Gold,Protoss
41,CN,2492,Gold,Terran
41,CN,2491,Gold,Protoss
41,CN,2491,Gold,Terran
41,CN,2491,Gold,Terran
41,CN,2491,Gold,Protoss
41,CN,2491,Gold,Terran
41,CN,2491,Gold,Protoss
41,CN,2491,Gold,Protoss
41,CN,2491,Gold,Terran
41,CN,2491,Gold,Zerg
41,CN,2491,Gold,Protoss
41,CN,2491,Gold,Protoss
41,CN,2491,Gold,Protoss
41,CN,2491,Gold,Terran
41,CN,2491,Gold,Zerg
41,CN,2491,Gold,Terran
41,CN,2491,Gold,Terran
41,CN,2491,Gold,Protoss
41,CN,2491,Gold,Terran
41,CN,2491,Gold,Terran
41,CN,2491,Gold,Protoss
41,CN,2491,Gold,Zerg
41,CN,2491,Gold,Terran
41,CN,2491,Gold,Terran
41,CN,2491,Gold,Terran
41,CN,2491,Gold,Terran
41,CN,2491,Gold,Terran
41,CN,2491,Gold,Protoss
41,CN,2491,Gold,Zerg
41,CN,2491,Gold,Protoss
41,CN,2491,Gold,Random
41,CN,2491,Gold,Protoss
41,CN,2491,Gold,Protoss
41,CN,2491,Gold,Protoss
41,CN,2491,Gold,Terran
41,CN,2491,Gold,Terran
41,CN,2491,Gold,Terran
41,CN,2491,Gold,Protoss
41,CN,2489,Gold,Protoss
41,CN,2489,Gold,Terran
41,CN,2489,Gold,Zerg
41,CN,2489,Gold,Terran
41,CN,2489,Gold,Terran
41,CN,2489,Gold,Protoss
41,CN,2489,Gold,Terran
41,CN,2489,Gold,Protoss
41,CN,2489,Gold,Protoss
41,CN,2489,Gold,Zerg
41,CN,2489,Gold,Protoss
41,CN,2489,Gold,Protoss
41,CN,2489,Gold,Terran
41,CN,2489,Gold,Protoss
41,CN,2489,Gold,Zerg
41,CN,2489,Gold,Terran
41,CN,2489,Gold,Zerg
41,CN,2489,Gold,Terran
41,CN,2489,Gold,Terran
41,CN,2489,Gold,Zerg
41,CN,2489,Gold,Random
41,CN,2489,Gold,Protoss
41,CN,2489,Gold,Terran
41,CN,2489,Gold,Random
41,CN,2489,Gold,Zerg
41,CN,2489,Gold,Terran
41,CN,2489,Gold,Terran
41,CN,2489,Gold,Zerg
41,CN,2489,Gold,Random
41,CN,2489,Gold,Protoss
41,CN,2489,Gold,Protoss
41,CN,2489,Gold,Terran
41,CN,2489,Gold,Protoss
41,CN,2489,Gold,Protoss
41,CN,2489,Gold,Terran
41,CN,2489,Gold,Protoss
41,CN,2489,Gold,Protoss
41,CN,2489,Gold,Protoss
41,CN,2489,Gold,Protoss
41,CN,2489,Gold,Terran
41,CN,2489,Gold,Protoss
41,CN,2489,Gold,Terran
41,CN,2489,Gold,Terran
41,CN,2489,Gold,Terran
41,CN,2489,Gold,Zerg
41,CN,2489,Gold,Random
41,CN,2489,Gold,Protoss
41,CN,2489,Gold,Zerg
41,CN,2489,Gold,Protoss
41,CN,2489,Gold,Protoss
41,CN,2489,Gold,Random
41,CN,2489,Gold,Random
41,CN,2489,Gold,Protoss
41,CN,2489,Gold,Protoss
41,CN,2488,Gold,Zerg
41,CN,2488,Gold,Terran
41,CN,2488,Gold,Terran
41,CN,2488,Gold,Terran
41,CN,2488,Gold,Zerg
41,CN,2488,Gold,Protoss
41,CN,2488,Gold,Protoss
41,CN,2488,Gold,Random
41,CN,2488,Gold,Protoss
41,CN,2488,Gold,Protoss
41,CN,2488,Gold,Protoss
41,CN,2488,Gold,Terran
41,CN,2488,Gold,Terran
41,CN,2488,Gold,Terran
41,CN,2488,Gold,Protoss
41,CN,2488,Gold,Zerg
41,CN,2488,Gold,Zerg
41,CN,2488,Gold,Terran
41,CN,2488,Gold,Zerg
41,CN,2488,Gold,Zerg
41,CN,2488,Gold,Zerg
41,CN,2488,Gold,Zerg
41,CN,2488,Gold,Zerg
41,CN,2488,Gold,Protoss
41,CN,2488,Gold,Protoss
41,CN,2488,Gold,Protoss
41,CN,2488,Gold,Terran
41,CN,2488,Gold,Protoss
41,CN,2488,Gold,Zerg
41,CN,2488,Gold,Protoss
41,CN,2488,Gold,Terran
41,CN,2488,Gold,Protoss
41,CN,2488,Gold,Terran
41,CN,2488,Gold,Terran
41,CN,2488,Gold,Terran
41,CN,2488,Gold,Protoss
41,CN,2488,Gold,Protoss
41,CN,2488,Gold,Terran
41,CN,2488,Gold,Protoss
41,CN,2488,Gold,Terran
41,CN,2488,Gold,Zerg
41,CN,2488,Gold,Terran
41,CN,2488,Gold,Zerg
41,CN,2488,Gold,Zerg
41,CN,2488,Gold,Terran
41,CN,2488,Gold,Protoss
41,CN,2486,Gold,Protoss
41,CN,2486,Gold,Terran
41,CN,2486,Gold,Protoss
41,CN,2486,Gold,Terran
41,CN,2486,Gold,Protoss
41,CN,2486,Gold,Protoss
41,CN,2486,Gold,Zerg
41,CN,2486,Gold,Protoss
41,CN,2486,Gold,Terran
41,CN,2486,Gold,Random
41,CN,2486,Gold,Protoss
41,CN,2486,Gold,Terran
41,CN,2486,Gold,Zerg
41,CN,2486,Gold,Random
41,CN,2486,Gold,Terran
41,CN,2486,Gold,Zerg
41,CN,2486,Gold,Random
41,CN,2486,Gold,Terran
41,CN,2486,Gold,Terran
41,CN,2486,Gold,Terran
41,CN,2486,Gold,Protoss
41,CN,2486,Gold,Terran
41,CN,2486,Gold,Protoss
41,CN,2486,Gold,Zerg
41,CN,2486,Gold,Protoss
41,CN,2486,Gold,Terran
41,CN,2486,Gold,Protoss
41,CN,2486,Gold,Terran
41,CN,2486,Gold,Protoss
41,CN,2486,Gold,Terran
41,CN,2486,Gold,Zerg
41,CN,2486,Gold,Terran
41,CN,2486,Gold,Random
41,CN,2486,Gold,Protoss
41,CN,2486,Gold,Random
41,CN,2486,Gold,Terran
41,CN,2486,Gold,Protoss
41,CN,2486,Gold,Terran
41,CN,2486,Gold,Terran
41,CN,2486,Gold,Terran
41,CN,2486,Gold,Terran
41,CN,2486,Gold,Terran
41,CN,2486,Gold,Random
41,CN,2486,Gold,Terran
41,CN,2486,Gold,Protoss
41,CN,2486,Gold,Zerg
41,CN,2486,Gold,Protoss
41,CN,2486,Gold,Terran
41,CN,2486,Gold,Protoss
41,CN,2486,Gold,Protoss
41,CN,2486,Gold,Protoss
41,CN,2486,Gold,Terran
41,CN,2486,Gold,Terran
41,CN,2486,Gold,Random
41,CN,2486,Gold,Zerg
41,CN,2486,Gold,Protoss
41,CN,2486,Gold,Terran
41,CN,2486,Gold,Terran
41,CN,2486,Gold,Terran
41,CN,2486,Gold,Terran
41,CN,2486,Gold,Zerg
41,CN,2486,Gold,Protoss
41,CN,2486,Gold,Terran
41,CN,2486,Gold,Protoss
41,CN,2486,Gold,Terran
41,CN,2486,Gold,Zerg
41,CN,2486,Gold,Zerg
41,CN,2486,Gold,Protoss
41,CN,2486,Gold,Random
41,CN,2485,Gold,Protoss
41,CN,2485,Gold,Zerg
41,CN,2485,Gold,Zerg
41,CN,2485,Gold,Terran
41,CN,2485,Gold,Terran
41,CN,2485,Gold,Terran
41,CN,2485,Gold,Protoss
41,CN,2485,Gold,Terran
41,CN,2485,Gold,Random
41,CN,2485,Gold,Random
41,CN,2485,Gold,Protoss
41,CN,2485,Gold,Protoss
41,CN,2485,Gold,Terran
41,CN,2485,Gold,Terran
41,CN,2485,Gold,Terran
41,CN,2485,Gold,Protoss
41,CN,2485,Gold,Protoss
41,CN,2485,Gold,Zerg
41,CN,2485,Gold,Zerg
41,CN,2485,Gold,Protoss
41,CN,2485,Gold,Protoss
41,CN,2485,Gold,Terran
41,CN,2485,Gold,Terran
41,CN,2485,Gold,Protoss
41,CN,2485,Gold,Zerg
41,CN,2485,Gold,Protoss
41,CN,2485,Gold,Terran
41,CN,2485,Gold,Random
41,CN,2485,Gold,Random
41,CN,2485,Gold,Zerg
41,CN,2485,Gold,Terran
41,CN,2483,Gold,Protoss
41,CN,2483,Gold,Zerg
41,CN,2483,Gold,Protoss
41,CN,2483,Gold,Protoss
41,CN,2483,Gold,Zerg
41,CN,2483,Gold,Random
41,CN,2483,Gold,Protoss
41,CN,2483,Gold,Zerg
41,CN,2483,Gold,Protoss
41,CN,2483,Gold,Protoss
41,CN,2483,Gold,Terran
41,CN,2483,Gold,Terran
41,CN,2483,Gold,Terran
41,CN,2483,Gold,Protoss
41,CN,2483,Gold,Zerg
41,CN,2483,Gold,Terran
41,CN,2483,Gold,Zerg
41,CN,2483,Gold,Terran
41,CN,2483,Gold,Protoss
41,CN,2483,Gold,Random
41,CN,2483,Gold,Terran
41,CN,2483,Gold,Protoss
41,CN,2483,Gold,Random
41,CN,2483,Gold,Zerg
41,CN,2483,Gold,Random
41,CN,2483,Gold,Zerg
41,CN,2483,Gold,Terran
41,CN,2483,Gold,Zerg
41,CN,2483,Gold,Zerg
41,CN,2483,Gold,Terran
41,CN,2483,Gold,Protoss
41,CN,2483,Gold,Terran
41,CN,2483,Gold,Protoss
41,CN,2483,Gold,Terran
41,CN,2483,Gold,Terran
41,CN,2483,Gold,Terran
41,CN,2483,Gold,Zerg
41,CN,2483,Gold,Protoss
41,CN,2483,Gold,Terran
41,CN,2483,Gold,Terran
41,CN,2483,Gold,Zerg
41,CN,2483,Gold,Protoss
41,CN,2483,Gold,Protoss
41,CN,2483,Gold,Protoss
41,CN,2483,Gold,Terran
41,CN,2483,Gold,Terran
41,CN,2483,Gold,Terran
41,CN,2483,Gold,Terran
41,CN,2483,Gold,Terran
41,CN,2483,Gold,Zerg
41,CN,2483,Gold,Terran
41,CN,2483,Gold,Protoss
41,CN,2483,Gold,Terran
41,CN,2483,Gold,Terran
41,CN,2482,Gold,Terran
41,CN,2482,Gold,Terran
41,CN,2482,Gold,Random
41,CN,2482,Gold,Protoss
41,CN,2482,Gold,Terran
41,CN,2482,Gold,Protoss
41,CN,2482,Gold,Protoss
41,CN,2482,Gold,Protoss
41,CN,2482,Gold,Terran
41,CN,2482,Gold,Protoss
41,CN,2482,Gold,Terran
41,CN,2482,Gold,Protoss
41,CN,2482,Gold,Zerg
41,CN,2482,Gold,Terran
41,CN,2482,Gold,Protoss
41,CN,2482,Gold,Terran
41,CN,2482,Gold,Terran
41,CN,2482,Gold,Protoss
41,CN,2482,Gold,Protoss
41,CN,2482,Gold,Protoss
41,CN,2482,Gold,Protoss
41,CN,2482,Gold,Protoss
41,CN,2482,Gold,Terran
41,CN,2482,Gold,Protoss
41,CN,2482,Gold,Protoss
41,CN,2482,Gold,Random
41,CN,2482,Gold,Terran
41,CN,2482,Gold,Terran
41,CN,2482,Gold,Terran
41,CN,2482,Gold,Protoss
41,CN,2482,Gold,Random
41,CN,2482,Gold,Terran
41,CN,2482,Gold,Zerg
41,CN,2482,Gold,Terran
41,CN,2482,Gold,Zerg
41,CN,2482,Gold,Terran
41,CN,2482,Gold,Terran
41,CN,2482,Gold,Protoss
41,CN,2482,Gold,Terran
41,CN,2482,Gold,Protoss
41,CN,2482,Gold,Protoss
41,CN,2482,Gold,Terran
41,CN,2482,Gold,Terran
41,CN,2482,Gold,Random
41,CN,2482,Gold,Zerg
41,CN,2482,Gold,Terran
41,CN,2480,Gold,Terran
41,CN,2480,Gold,Protoss
41,CN,2480,Gold,Protoss
41,CN,2480,Gold,Protoss
41,CN,2480,Gold,Protoss
41,CN,2480,Gold,Protoss
41,CN,2480,Gold,Zerg
41,CN,2480,Gold,Terran
41,CN,2480,Gold,Terran
41,CN,2480,Gold,Terran
41,CN,2480,Gold,Zerg
41,CN,2480,Gold,Terran
41,CN,2480,Gold,Protoss
41,CN,2480,Gold,Terran
41,CN,2480,Gold,Zerg
41,CN,2480,Gold,Zerg
41,CN,2480,Gold,Terran
41,CN,2480,Gold,Zerg
41,CN,2480,Gold,Protoss
41,CN,2480,Gold,Zerg
41,CN,2480,Gold,Zerg
41,CN,2480,Gold,Terran
41,CN,2480,Gold,Zerg
41,CN,2480,Gold,Protoss
41,CN,2480,Gold,Protoss
41,CN,2480,Gold,Terran
41,CN,2480,Gold,Zerg
41,CN,2480,Gold,Zerg
41,CN,2480,Gold,Protoss
41,CN,2480,Gold,Protoss
41,CN,2480,Gold,Terran
41,CN,2480,Gold,Terran
41,CN,2480,Gold,Random
41,CN,2480,Gold,Terran
41,CN,2480,Gold,Protoss
41,CN,2480,Gold,Zerg
41,CN,2480,Gold,Terran
41,CN,2480,Gold,Zerg
41,CN,2480,Gold,Protoss
41,CN,2480,Gold,Terran
41,CN,2480,Gold,Zerg
41,CN,2480,Gold,Terran
41,CN,2480,Gold,Protoss
41,CN,2480,Gold,Terran
41,CN,2480,Gold,Protoss
41,CN,2480,Gold,Terran
41,CN,2480,Gold,Zerg
41,CN,2480,Gold,Protoss
41,CN,2480,Gold,Protoss
41,CN,2480,Gold,Terran
41,CN,2480,Gold,Zerg
41,CN,2480,Gold,Terran
41,CN,2480,Gold,Protoss
41,CN,2480,Gold,Zerg
41,CN,2480,Gold,Zerg
41,CN,2480,Gold,Zerg
41,CN,2480,Gold,Terran
41,CN,2480,Gold,Terran
41,CN,2480,Gold,Zerg
41,CN,2480,Gold,Terran
41,CN,2480,Gold,Protoss
41,CN,2480,Gold,Random
41,CN,2480,Gold,Zerg
41,CN,2480,Gold,Protoss
41,CN,2480,Gold,Protoss
41,CN,2480,Gold,Zerg
41,CN,2480,Gold,Protoss
41,CN,2480,Gold,Terran
41,CN,2480,Gold,Protoss
41,CN,2480,Gold,Protoss
41,CN,2480,Gold,Zerg
41,CN,2480,Gold,Terran
41,CN,2479,Gold,Protoss
41,CN,2479,Gold,Protoss
41,CN,2479,Gold,Terran
41,CN,2479,Gold,Terran
41,CN,2479,Gold,Terran
41,CN,2479,Gold,Terran
41,CN,2479,Gold,Terran
41,CN,2479,Gold,Protoss
41,CN,2479,Gold,Protoss
41,CN,2479,Gold,Zerg
41,CN,2479,Gold,Protoss
41,CN,2479,Gold,Zerg
41,CN,2479,Gold,Terran
41,CN,2479,Gold,Terran
41,CN,2479,Gold,Terran
41,CN,2479,Gold,Terran
41,CN,2479,Gold,Protoss
41,CN,2479,Gold,Protoss
41,CN,2479,Gold,Protoss
41,CN,2479,Gold,Terran
41,CN,2479,Gold,Protoss
41,CN,2479,Gold,Terran
41,CN,2479,Gold,Protoss
41,CN,2479,Gold,Terran
41,CN,2479,Gold,Protoss
41,CN,2479,Gold,Protoss
41,CN,2479,Gold,Zerg
41,CN,2479,Gold,Terran
41,CN,2477,Gold,Zerg
41,CN,2477,Gold,Terran
41,CN,2477,Gold,Random
41,CN,2477,Gold,Protoss
41,CN,2477,Gold,Protoss
41,CN,2477,Gold,Terran
41,CN,2477,Gold,Protoss
41,CN,2477,Gold,Protoss
41,CN,2477,Gold,Protoss
41,CN,2477,Gold,Random
41,CN,2477,Gold,Terran
41,CN,2477,Gold,Terran
41,CN,2477,Gold,Terran
41,CN,2477,Gold,Zerg
41,CN,2477,Gold,Protoss
41,CN,2477,Gold,Protoss
41,CN,2477,Gold,Terran
41,CN,2477,Gold,Terran
41,CN,2477,Gold,Terran
41,CN,2477,Gold,Zerg
41,CN,2477,Gold,Protoss
41,CN,2477,Gold,Zerg
41,CN,2477,Gold,Protoss
41,CN,2477,Gold,Zerg
41,CN,2477,Gold,Terran
41,CN,2477,Gold,Terran
41,CN,2477,Gold,Random
41,CN,2477,Gold,Terran
41,CN,2477,Gold,Protoss
41,CN,2477,Gold,Protoss
41,CN,2477,Gold,Terran
41,CN,2477,Gold,Zerg
41,CN,2477,Gold,Zerg
41,CN,2477,Gold,Zerg
41,CN,2477,Gold,Protoss
41,CN,2477,Gold,Terran
41,CN,2477,Gold,Protoss
41,CN,2477,Gold,Zerg
41,CN,2477,Gold,Terran
41,CN,2477,Gold,Random
41,CN,2477,Gold,Zerg
41,CN,2477,Gold,Terran
41,CN,2477,Gold,Protoss
41,CN,2477,Gold,Terran
41,CN,2477,Gold,Zerg
41,CN,2477,Gold,Terran
41,CN,2477,Gold,Zerg
41,CN,2477,Gold,Terran
41,CN,2477,Gold,Protoss
41,CN,2477,Gold,Terran
41,CN,2477,Gold,Terran
41,CN,2477,Gold,Terran
41,CN,2477,Gold,Terran
41,CN,2477,Gold,Terran
41,CN,2477,Gold,Protoss
41,CN,2477,Gold,Terran
41,CN,2477,Gold,Protoss
41,CN,2477,Gold,Terran
41,CN,2477,Gold,Terran
41,CN,2477,Gold,Zerg
41,CN,2477,Gold,Zerg
41,CN,2477,Gold,Terran
41,CN,2477,Gold,Protoss
41,CN,2477,Gold,Zerg
41,CN,2477,Gold,Terran
41,CN,2477,Gold,Protoss
41,CN,2477,Gold,Protoss
41,CN,2476,Gold,Zerg
41,CN,2476,Gold,Protoss
41,CN,2476,Gold,Protoss
41,CN,2476,Gold,Terran
41,CN,2476,Gold,Protoss
41,CN,2476,Gold,Terran
41,CN,2476,Gold,Terran
41,CN,2476,Gold,Protoss
41,CN,2476,Gold,Protoss
41,CN,2476,Gold,Protoss
41,CN,2476,Gold,Protoss
41,CN,2476,Gold,Terran
41,CN,2476,Gold,Terran
41,CN,2476,Gold,Zerg
41,CN,2476,Gold,Protoss
41,CN,2476,Gold,Random
41,CN,2476,Gold,Terran
41,CN,2476,Gold,Terran
41,CN,2476,Gold,Protoss
41,CN,2476,Gold,Terran
41,CN,2476,Gold,Zerg
41,CN,2476,Gold,Protoss
41,CN,2476,Gold,Protoss
41,CN,2476,Gold,Protoss
41,CN,2476,Gold,Zerg
41,CN,2476,Gold,Terran
41,CN,2476,Gold,Terran
41,CN,2476,Gold,Terran
41,CN,2476,Gold,Terran
41,CN,2476,Gold,Random
41,CN,2476,Gold,Zerg
41,CN,2476,Gold,Protoss
41,CN,2476,Gold,Terran
41,CN,2474,Gold,Terran
41,CN,2474,Gold,Protoss
41,CN,2474,Gold,Terran
41,CN,2474,Gold,Protoss
41,CN,2474,Gold,Terran
41,CN,2474,Gold,Terran
41,CN,2474,Gold,Protoss
41,CN,2474,Gold,Protoss
41,CN,2474,Gold,Zerg
41,CN,2474,Gold,Protoss
41,CN,2474,Gold,Terran
41,CN,2474,Gold,Protoss
41,CN,2474,Gold,Terran
41,CN,2474,Gold,Terran
41,CN,2474,Gold,Protoss
41,CN,2474,Gold,Protoss
41,CN,2474,Gold,Terran
41,CN,2474,Gold,Terran
41,CN,2474,Gold,Zerg
41,CN,2474,Gold,Terran
41,CN,2474,Gold,Terran
41,CN,2474,Gold,Terran
41,CN,2474,Gold,Protoss
41,CN,2474,Gold,Zerg
41,CN,2474,Gold,Zerg
41,CN,2474,Gold,Terran
41,CN,2474,Gold,Terran
41,CN,2474,Gold,Zerg
41,CN,2474,Gold,Protoss
41,CN,2474,Gold,Zerg
41,CN,2474,Gold,Terran
41,CN,2474,Gold,Zerg
41,CN,2474,Gold,Terran
41,CN,2474,Gold,Terran
41,CN,2474,Gold,Terran
41,CN,2474,Gold,Terran
41,CN,2474,Gold,Zerg
41,CN,2474,Gold,Terran
41,CN,2474,Gold,Terran
41,CN,2474,Gold,Terran
41,CN,2474,Gold,Random
41,CN,2474,Gold,Protoss
41,CN,2474,Gold,Terran
41,CN,2474,Gold,Zerg
41,CN,2474,Gold,Zerg
41,CN,2474,Gold,Random
41,CN,2474,Gold,Zerg
41,CN,2474,Gold,Terran
41,CN,2474,Gold,Terran
41,CN,2474,Gold,Zerg
41,CN,2474,Gold,Terran
41,CN,2474,Gold,Terran
41,CN,2474,Gold,Terran
41,CN,2474,Gold,Terran
41,CN,2474,Gold,Zerg
41,CN,2474,Gold,Random
41,CN,2474,Gold,Terran
41,CN,2474,Gold,Zerg
41,CN,2474,Gold,Terran
41,CN,2474,Gold,Protoss
41,CN,2474,Gold,Terran
41,CN,2474,Gold,Zerg
41,CN,2474,Gold,Zerg
41,CN,2474,Gold,Protoss
41,CN,2474,Gold,Protoss
41,CN,2474,Gold,Zerg
41,CN,2474,Gold,Terran
41,CN,2474,Gold,Terran
41,CN,2474,Gold,Zerg
41,CN,2474,Gold,Terran
41,CN,2474,Gold,Terran
41,CN,2474,Gold,Zerg
41,CN,2474,Gold,Terran
41,CN,2474,Gold,Terran
41,CN,2473,Gold,Terran
41,CN,2473,Gold,Protoss
41,CN,2473,Gold,Terran
41,CN,2473,Gold,Random
41,CN,2473,Gold,Zerg
41,CN,2473,Gold,Protoss
41,CN,2473,Gold,Terran
41,CN,2473,Gold,Terran
41,CN,2473,Gold,Zerg
41,CN,2473,Gold,Terran
41,CN,2473,Gold,Protoss
41,CN,2473,Gold,Zerg
41,CN,2473,Gold,Protoss
41,CN,2473,Gold,Random
41,CN,2473,Gold,Terran
41,CN,2473,Gold,Protoss
41,CN,2473,Gold,Terran
41,CN,2473,Gold,Zerg
41,CN,2473,Gold,Protoss
41,CN,2473,Gold,Random
41,CN,2473,Gold,Zerg
41,CN,2473,Gold,Protoss
41,CN,2473,Gold,Protoss
41,CN,2473,Gold,Zerg
41,CN,2473,Gold,Protoss
41,CN,2473,Gold,Protoss
41,CN,2471,Gold,Zerg
41,CN,2471,Gold,Random
41,CN,2471,Gold,Protoss
41,CN,2471,Gold,Protoss
41,CN,2471,Gold,Random
41,CN,2471,Gold,Protoss
41,CN,2471,Gold,Terran
41,CN,2471,Gold,Terran
41,CN,2471,Gold,Protoss
41,CN,2471,Gold,Zerg
41,CN,2471,Gold,Protoss
41,CN,2471,Gold,Terran
41,CN,2471,Gold,Zerg
41,CN,2471,Gold,Terran
41,CN,2471,Gold,Terran
41,CN,2471,Gold,Protoss
41,CN,2471,Gold,Terran
41,CN,2471,Gold,Zerg
41,CN,2471,Gold,Zerg
41,CN,2471,Gold,Protoss
41,CN,2471,Gold,Zerg
41,CN,2471,Gold,Terran
41,CN,2471,Gold,Zerg
41,CN,2471,Gold,Protoss
41,CN,2471,Gold,Zerg
41,CN,2471,Gold,Zerg
41,CN,2471,Gold,Protoss
41,CN,2471,Gold,Zerg
41,CN,2471,Gold,Terran
41,CN,2471,Gold,Terran
41,CN,2471,Gold,Terran
41,CN,2471,Gold,Terran
41,CN,2471,Gold,Protoss
41,CN,2471,Gold,Terran
41,CN,2471,Gold,Zerg
41,CN,2471,Gold,Protoss
41,CN,2471,Gold,Zerg
41,CN,2471,Gold,Terran
41,CN,2471,Gold,Protoss
41,CN,2471,Gold,Terran
41,CN,2471,Gold,Protoss
41,CN,2471,Gold,Terran
41,CN,2471,Gold,Terran
41,CN,2471,Gold,Protoss
41,CN,2471,Gold,Protoss
41,CN,2471,Gold,Zerg
41,CN,2471,Gold,Terran
41,CN,2471,Gold,Protoss
41,CN,2471,Gold,Random
41,CN,2471,Gold,Terran
41,CN,2471,Gold,Protoss
41,CN,2471,Gold,Protoss
41,CN,2471,Gold,Zerg
41,CN,2471,Gold,Terran
41,CN,2471,Gold,Protoss
41,CN,2471,Gold,Protoss
41,CN,2471,Gold,Random
41,CN,2471,Gold,Terran
41,CN,2471,Gold,Random
41,CN,2471,Gold,Zerg
41,CN,2471,Gold,Terran
41,CN,2471,Gold,Terran
41,CN,2471,Gold,Terran
41,CN,2471,Gold,Terran
41,CN,2471,Gold,Protoss
41,CN,2471,Gold,Terran
41,CN,2471,Gold,Terran
41,CN,2471,Gold,Protoss
41,CN,2470,Gold,Protoss
41,CN,2470,Gold,Terran
41,CN,2470,Gold,Zerg
41,CN,2470,Gold,Zerg
41,CN,2470,Gold,Protoss
41,CN,2470,Gold,Protoss
41,CN,2470,Gold,Terran
41,CN,2470,Gold,Terran
41,CN,2470,Gold,Protoss
41,CN,2470,Gold,Terran
41,CN,2470,Gold,Terran
41,CN,2470,Gold,Protoss
41,CN,2470,Gold,Zerg
41,CN,2470,Gold,Terran
41,CN,2470,Gold,Terran
41,CN,2470,Gold,Terran
41,CN,2470,Gold,Random
41,CN,2470,Gold,Zerg
41,CN,2470,Gold,Terran
41,CN,2470,Gold,Protoss
41,CN,2470,Gold,Terran
41,CN,2470,Gold,Terran
41,CN,2470,Gold,Protoss
41,CN,2470,Gold,Terran
41,CN,2470,Gold,Protoss
41,CN,2470,Gold,Zerg
41,CN,2470,Gold,Terran
41,CN,2470,Gold,Terran
41,CN,2470,Gold,Terran
41,CN,2470,Gold,Zerg
41,CN,2470,Gold,Terran
41,CN,2470,Gold,Terran
41,CN,2468,Gold,Protoss
41,CN,2468,Gold,Terran
41,CN,2468,Gold,Protoss
41,CN,2468,Gold,Terran
41,CN,2468,Gold,Zerg
41,CN,2468,Gold,Protoss
41,CN,2468,Gold,Zerg
41,CN,2468,Gold,Protoss
41,CN,2468,Gold,Protoss
41,CN,2468,Gold,Terran
41,CN,2468,Gold,Protoss
41,CN,2468,Gold,Zerg
41,CN,2468,Gold,Terran
41,CN,2468,Gold,Protoss
41,CN,2468,Gold,Terran
41,CN,2468,Gold,Zerg
41,CN,2468,Gold,Terran
41,CN,2468,Gold,Protoss
41,CN,2468,Gold,Protoss
41,CN,2468,Gold,Terran
41,CN,2468,Gold,Zerg
41,CN,2468,Gold,Random
41,CN,2468,Gold,Terran
41,CN,2468,Gold,Zerg
41,CN,2468,Gold,Terran
41,CN,2468,Gold,Protoss
41,CN,2468,Gold,Terran
41,CN,2468,Gold,Zerg
41,CN,2468,Gold,Protoss
41,CN,2468,Gold,Terran
41,CN,2468,Gold,Zerg
41,CN,2468,Gold,Zerg
41,CN,2468,Gold,Terran
41,CN,2468,Gold,Zerg
41,CN,2468,Gold,Zerg
41,CN,2468,Gold,Terran
41,CN,2468,Gold,Terran
41,CN,2468,Gold,Protoss
41,CN,2468,Gold,Zerg
41,CN,2468,Gold,Zerg
41,CN,2468,Gold,Terran
41,CN,2468,Gold,Protoss
41,CN,2468,Gold,Terran
41,CN,2468,Gold,Terran
41,CN,2468,Gold,Terran
41,CN,2468,Gold,Terran
41,CN,2468,Gold,Terran
41,CN,2468,Gold,Protoss
41,CN,2468,Gold,Terran
41,CN,2468,Gold,Random
41,CN,2468,Gold,Terran
41,CN,2468,Gold,Terran
41,CN,2468,Gold,Random
41,CN,2468,Gold,Protoss
41,CN,2468,Gold,Zerg
41,CN,2468,Gold,Terran
41,CN,2468,Gold,Random
41,CN,2468,Gold,Terran
41,CN,2468,Gold,Protoss
41,CN,2468,Gold,Terran
41,CN,2468,Gold,Random
41,CN,2468,Gold,Terran
41,CN,2468,Gold,Protoss
41,CN,2467,Gold,Zerg
41,CN,2467,Gold,Zerg
41,CN,2467,Gold,Zerg
41,CN,2467,Gold,Protoss
41,CN,2467,Gold,Terran
41,CN,2467,Gold,Terran
41,CN,2467,Gold,Terran
41,CN,2467,Gold,Random
41,CN,2467,Gold,Terran
41,CN,2467,Gold,Terran
41,CN,2467,Gold,Protoss
41,CN,2467,Gold,Protoss
41,CN,2467,Gold,Protoss
41,CN,2467,Gold,Terran
41,CN,2467,Gold,Terran
41,CN,2467,Gold,Terran
41,CN,2467,Gold,Protoss
41,CN,2467,Gold,Terran
41,CN,2467,Gold,Zerg
41,CN,2467,Gold,Terran
41,CN,2467,Gold,Random
41,CN,2467,Gold,Zerg
41,CN,2467,Gold,Terran
41,CN,2467,Gold,Protoss
41,CN,2467,Gold,Protoss
41,CN,2467,Gold,Zerg
41,CN,2467,Gold,Random
41,CN,2467,Gold,Protoss
41,CN,2467,Gold,Zerg
41,CN,2467,Gold,Terran
41,CN,2467,Gold,Terran
41,CN,2467,Gold,Terran
41,CN,2467,Gold,Zerg
41,CN,2467,Gold,Protoss
41,CN,2467,Gold,Random
41,CN,2467,Gold,Terran
41,CN,2467,Gold,Protoss
41,CN,2465,Gold,Terran
41,CN,2465,Gold,Protoss
41,CN,2465,Gold,Terran
41,CN,2465,Gold,Protoss
41,CN,2465,Gold,Protoss
41,CN,2465,Gold,Protoss
41,CN,2465,Gold,Terran
41,CN,2465,Gold,Terran
41,CN,2465,Gold,Random
41,CN,2465,Gold,Terran
41,CN,2465,Gold,Terran
41,CN,2465,Gold,Zerg
41,CN,2465,Gold,Protoss
41,CN,2465,Gold,Terran
41,CN,2465,Gold,Terran
41,CN,2465,Gold,Protoss
41,CN,2465,Gold,Protoss
41,CN,2465,Gold,Random
41,CN,2465,Gold,Protoss
41,CN,2465,Gold,Terran
41,CN,2465,Gold,Terran
41,CN,2465,Gold,Terran
41,CN,2465,Gold,Protoss
41,CN,2465,Gold,Zerg
41,CN,2465,Gold,Protoss
41,CN,2465,Gold,Random
41,CN,2465,Gold,Terran
41,CN,2465,Gold,Terran
41,CN,2465,Gold,Terran
41,CN,2465,Gold,Terran
41,CN,2465,Gold,Random
41,CN,2465,Gold,Terran
41,CN,2465,Gold,Terran
41,CN,2465,Gold,Terran
41,CN,2465,Gold,Terran
41,CN,2465,Gold,Terran
41,CN,2465,Gold,Terran
41,CN,2465,Gold,Zerg
41,CN,2465,Gold,Protoss
41,CN,2465,Gold,Terran
41,CN,2465,Gold,Zerg
41,CN,2465,Gold,Zerg
41,CN,2465,Gold,Zerg
41,CN,2465,Gold,Protoss
41,CN,2465,Gold,Terran
41,CN,2465,Gold,Zerg
41,CN,2465,Gold,Protoss
41,CN,2465,Gold,Protoss
41,CN,2465,Gold,Protoss
41,CN,2465,Gold,Zerg
41,CN,2465,Gold,Protoss
41,CN,2465,Gold,Protoss
41,CN,2465,Gold,Zerg
41,CN,2465,Gold,Terran
41,CN,2465,Gold,Terran
41,CN,2465,Gold,Terran
41,CN,2465,Gold,Terran
41,CN,2465,Gold,Zerg
41,CN,2465,Gold,Protoss
41,CN,2465,Gold,Protoss
41,CN,2465,Gold,Protoss
41,CN,2465,Gold,Protoss
41,CN,2465,Gold,Protoss
41,CN,2465,Gold,Terran
41,CN,2465,Gold,Protoss
41,CN,2465,Gold,Zerg
41,CN,2465,Gold,Terran
41,CN,2465,Gold,Terran
41,CN,2465,Gold,Terran
41,CN,2464,Gold,Protoss
41,CN,2464,Gold,Protoss
41,CN,2464,Gold,Terran
41,CN,2464,Gold,Protoss
41,CN,2464,Gold,Terran
41,CN,2464,Gold,Zerg
41,CN,2464,Gold,Terran
41,CN,2464,Gold,Protoss
41,CN,2464,Gold,Terran
41,CN,2464,Gold,Terran
41,CN,2464,Gold,Protoss
41,CN,2464,Gold,Terran
41,CN,2464,Gold,Protoss
41,CN,2464,Gold,Protoss
41,CN,2464,Gold,Protoss
41,CN,2464,Gold,Protoss
41,CN,2464,Gold,Zerg
41,CN,2464,Gold,Zerg
41,CN,2464,Gold,Terran
41,CN,2464,Gold,Zerg
41,CN,2464,Gold,Zerg
41,CN,2464,Gold,Terran
41,CN,2464,Gold,Zerg
41,CN,2464,Gold,Terran
41,CN,2464,Gold,Terran
41,CN,2464,Gold,Terran
41,CN,2464,Gold,Random
41,CN,2464,Gold,Zerg
41,CN,2464,Gold,Terran
41,CN,2464,Gold,Terran
41,CN,2464,Gold,Terran
41,CN,2462,Gold,Terran
41,CN,2462,Gold,Terran
41,CN,2462,Gold,Protoss
41,CN,2462,Gold,Protoss
41,CN,2462,Gold,Terran
41,CN,2462,Gold,Terran
41,CN,2462,Gold,Terran
41,CN,2462,Gold,Terran
41,CN,2462,Gold,Zerg
41,CN,2462,Gold,Terran
41,CN,2462,Gold,Terran
41,CN,2462,Gold,Protoss
41,CN,2462,Gold,Zerg
41,CN,2462,Gold,Random
41,CN,2462,Gold,Random
41,CN,2462,Gold,Zerg
41,CN,2462,Gold,Terran
41,CN,2462,Gold,Zerg
41,CN,2462,Gold,Zerg
41,CN,2462,Gold,Zerg
41,CN,2462,Gold,Protoss
41,CN,2462,Gold,Terran
41,CN,2462,Gold,Terran
41,CN,2462,Gold,Zerg
41,CN,2462,Gold,Protoss
41,CN,2462,Gold,Terran
41,CN,2462,Gold,Random
41,CN,2462,Gold,Protoss
41,CN,2462,Gold,Random
41,CN,2462,Gold,Zerg
41,CN,2462,Gold,Zerg
41,CN,2462,Gold,Zerg
41,CN,2462,Gold,Terran
41,CN,2462,Gold,Protoss
41,CN,2462,Gold,Protoss
41,CN,2462,Gold,Terran
41,CN,2462,Gold,Terran
41,CN,2462,Gold,Terran
41,CN,2462,Gold,Zerg
41,CN,2462,Gold,Protoss
41,CN,2462,Gold,Protoss
41,CN,2462,Gold,Terran
41,CN,2462,Gold,Protoss
41,CN,2462,Gold,Zerg
41,CN,2462,Gold,Protoss
41,CN,2462,Gold,Protoss
41,CN,2462,Gold,Zerg
41,CN,2462,Gold,Protoss
41,CN,2462,Gold,Zerg
41,CN,2462,Gold,Zerg
41,CN,2462,Gold,Zerg
41,CN,2462,Gold,Protoss
41,CN,2462,Gold,Protoss
41,CN,2462,Gold,Random
41,CN,2462,Gold,Terran
41,CN,2462,Gold,Protoss
41,CN,2462,Gold,Protoss
41,CN,2462,Gold,Zerg
41,CN,2462,Gold,Protoss
41,CN,2462,Gold,Protoss
41,CN,2461,Gold,Terran
41,CN,2461,Gold,Terran
41,CN,2461,Gold,Zerg
41,CN,2461,Gold,Protoss
41,CN,2461,Gold,Random
41,CN,2461,Gold,Terran
41,CN,2461,Gold,Zerg
41,CN,2461,Gold,Random
41,CN,2461,Gold,Protoss
41,CN,2461,Gold,Protoss
41,CN,2461,Gold,Terran
41,CN,2461,Gold,Protoss
41,CN,2461,Gold,Terran
41,CN,2461,Gold,Terran
41,CN,2461,Gold,Zerg
41,CN,2461,Gold,Random
41,CN,2461,Gold,Terran
41,CN,2461,Gold,Terran
41,CN,2461,Gold,Terran
41,CN,2461,Gold,Zerg
41,CN,2461,Gold,Terran
41,CN,2461,Gold,Protoss
41,CN,2461,Gold,Protoss
41,CN,2461,Gold,Zerg
41,CN,2461,Gold,Zerg
41,CN,2461,Gold,Terran
41,CN,2461,Gold,Terran
41,CN,2461,Gold,Random
41,CN,2461,Gold,Protoss
41,CN,2461,Gold,Zerg
41,CN,2461,Gold,Terran
41,CN,2461,Gold,Zerg
41,CN,2461,Gold,Zerg
41,CN,2461,Gold,Protoss
41,CN,2461,Gold,Protoss
41,CN,2461,Gold,Terran
41,CN,2461,Gold,Protoss
41,CN,2461,Gold,Terran
41,CN,2461,Gold,Zerg
41,CN,2461,Gold,Terran
41,CN,2459,Gold,Zerg
41,CN,2459,Gold,Terran
41,CN,2459,Gold,Zerg
41,CN,2459,Gold,Terran
41,CN,2459,Gold,Terran
41,CN,2459,Gold,Random
41,CN,2459,Gold,Protoss
41,CN,2459,Gold,Terran
41,CN,2459,Gold,Zerg
41,CN,2459,Gold,Terran
41,CN,2459,Gold,Random
41,CN,2459,Gold,Zerg
41,CN,2459,Gold,Terran
41,CN,2459,Gold,Protoss
41,CN,2459,Gold,Protoss
41,CN,2459,Gold,Protoss
41,CN,2459,Gold,Protoss
41,CN,2459,Gold,Protoss
41,CN,2459,Gold,Zerg
41,CN,2459,Gold,Terran
41,CN,2459,Gold,Protoss
41,CN,2459,Gold,Protoss
41,CN,2459,Gold,Zerg
41,CN,2459,Gold,Zerg
41,CN,2459,Gold,Terran
41,CN,2459,Gold,Zerg
41,CN,2459,Gold,Terran
41,CN,2459,Gold,Zerg
41,CN,2459,Gold,Protoss
41,CN,2459,Gold,Zerg
41,CN,2459,Gold,Protoss
41,CN,2459,Gold,Zerg
41,CN,2459,Gold,Random
41,CN,2459,Gold,Zerg
41,CN,2459,Gold,Protoss
41,CN,2459,Gold,Protoss
41,CN,2459,Gold,Zerg
41,CN,2459,Gold,Terran
41,CN,2459,Gold,Protoss
41,CN,2459,Gold,Terran
41,CN,2459,Gold,Zerg
41,CN,2459,Gold,Zerg
41,CN,2459,Gold,Zerg
41,CN,2459,Gold,Protoss
41,CN,2459,Gold,Terran
41,CN,2459,Gold,Zerg
41,CN,2459,Gold,Random
41,CN,2459,Gold,Protoss
41,CN,2459,Gold,Zerg
41,CN,2459,Gold,Terran
41,CN,2459,Gold,Protoss
41,CN,2459,Gold,Protoss
41,CN,2459,Gold,Terran
41,CN,2459,Gold,Protoss
41,CN,2458,Gold,Zerg
41,CN,2458,Gold,Protoss
41,CN,2458,Gold,Protoss
41,CN,2458,Gold,Terran
41,CN,2458,Gold,Protoss
41,CN,2458,Gold,Terran
41,CN,2458,Gold,Terran
41,CN,2458,Gold,Terran
41,CN,2458,Gold,Terran
41,CN,2458,Gold,Random
41,CN,2458,Gold,Protoss
41,CN,2458,Gold,Terran
41,CN,2458,Gold,Zerg
41,CN,2458,Gold,Random
41,CN,2458,Gold,Terran
41,CN,2458,Gold,Zerg
41,CN,2458,Gold,Protoss
41,CN,2458,Gold,Terran
41,CN,2458,Gold,Terran
41,CN,2458,Gold,Zerg
41,CN,2458,Gold,Terran
41,CN,2458,Gold,Protoss
41,CN,2458,Gold,Protoss
41,CN,2458,Gold,Terran
41,CN,2458,Gold,Protoss
41,CN,2458,Gold,Protoss
41,CN,2458,Gold,Protoss
41,CN,2458,Gold,Protoss
41,CN,2458,Gold,Terran
41,CN,2458,Gold,Zerg
41,CN,2458,Gold,Terran
41,CN,2458,Gold,Terran
41,CN,2458,Gold,Protoss
41,CN,2458,Gold,Terran
41,CN,2458,Gold,Zerg
41,CN,2458,Gold,Terran
41,CN,2458,Gold,Protoss
41,CN,2458,Gold,Protoss
41,CN,2458,Gold,Protoss
41,CN,2458,Gold,Random
41,CN,2458,Gold,Terran
41,CN,2458,Gold,Protoss
41,CN,2458,Gold,Protoss
41,CN,2458,Gold,Protoss
41,CN,2458,Gold,Terran
41,CN,2458,Gold,Protoss
41,CN,2456,Gold,Zerg
41,CN,2456,Gold,Zerg
41,CN,2456,Gold,Protoss
41,CN,2456,Gold,Terran
41,CN,2456,Gold,Terran
41,CN,2456,Gold,Terran
41,CN,2456,Gold,Zerg
41,CN,2456,Gold,Protoss
41,CN,2456,Gold,Zerg
41,CN,2456,Gold,Terran
41,CN,2456,Gold,Terran
41,CN,2456,Gold,Protoss
41,CN,2456,Gold,Protoss
41,CN,2456,Gold,Zerg
41,CN,2456,Gold,Terran
41,CN,2456,Gold,Protoss
41,CN,2456,Gold,Terran
41,CN,2456,Gold,Terran
41,CN,2456,Gold,Protoss
41,CN,2456,Gold,Zerg
41,CN,2456,Gold,Protoss
41,CN,2456,Gold,Terran
41,CN,2456,Gold,Zerg
41,CN,2456,Gold,Terran
41,CN,2456,Gold,Protoss
41,CN,2456,Gold,Zerg
41,CN,2456,Gold,Protoss
41,CN,2456,Gold,Random
41,CN,2456,Gold,Terran
41,CN,2456,Gold,Protoss
41,CN,2456,Gold,Protoss
41,CN,2456,Gold,Random
41,CN,2456,Gold,Terran
41,CN,2456,Gold,Protoss
41,CN,2456,Gold,Terran
41,CN,2456,Gold,Zerg
41,CN,2456,Gold,Terran
41,CN,2456,Gold,Terran
41,CN,2456,Gold,Zerg
41,CN,2456,Gold,Terran
41,CN,2456,Gold,Zerg
41,CN,2456,Gold,Protoss
41,CN,2456,Gold,Random
41,CN,2456,Gold,Random
41,CN,2456,Gold,Protoss
41,CN,2456,Gold,Protoss
41,CN,2456,Gold,Random
41,CN,2456,Gold,Protoss
41,CN,2456,Gold,Terran
41,CN,2456,Gold,Terran
41,CN,2456,Gold,Terran
41,CN,2456,Gold,Terran
41,CN,2456,Gold,Protoss
41,CN,2456,Gold,Terran
41,CN,2456,Gold,Terran
41,CN,2456,Gold,Protoss
41,CN,2456,Gold,Zerg
41,CN,2456,Gold,Protoss
41,CN,2456,Gold,Protoss
41,CN,2456,Gold,Terran
41,CN,2456,Gold,Terran
41,CN,2456,Gold,Zerg
41,CN,2456,Gold,Protoss
41,CN,2456,Gold,Zerg
41,CN,2456,Gold,Zerg
41,CN,2456,Gold,Protoss
41,CN,2456,Gold,Protoss
41,CN,2455,Gold,Protoss
41,CN,2455,Gold,Terran
41,CN,2455,Gold,Protoss
41,CN,2455,Gold,Zerg
41,CN,2455,Gold,Zerg
41,CN,2455,Gold,Protoss
41,CN,2455,Gold,Protoss
41,CN,2455,Gold,Zerg
41,CN,2455,Gold,Random
41,CN,2455,Gold,Zerg
41,CN,2455,Gold,Zerg
41,CN,2455,Gold,Zerg
41,CN,2455,Gold,Protoss
41,CN,2455,Gold,Zerg
41,CN,2455,Gold,Terran
41,CN,2455,Gold,Zerg
41,CN,2455,Gold,Terran
41,CN,2455,Gold,Random
41,CN,2455,Gold,Random
41,CN,2455,Gold,Terran
41,CN,2455,Gold,Terran
41,CN,2455,Gold,Protoss
41,CN,2455,Gold,Protoss
41,CN,2455,Gold,Protoss
41,CN,2455,Gold,Terran
41,CN,2455,Gold,Protoss
41,CN,2455,Gold,Terran
41,CN,2455,Gold,Terran
41,CN,2455,Gold,Zerg
41,CN,2455,Gold,Terran
41,CN,2455,Gold,Protoss
41,CN,2455,Gold,Terran
41,CN,2455,Gold,Protoss
41,CN,2453,Gold,Zerg
41,CN,2453,Gold,Terran
41,CN,2453,Gold,Terran
41,CN,2453,Gold,Protoss
41,CN,2453,Gold,Zerg
41,CN,2453,Gold,Terran
41,CN,2453,Gold,Terran
41,CN,2453,Gold,Protoss
41,CN,2453,Gold,Terran
41,CN,2453,Gold,Protoss
41,CN,2453,Gold,Terran
41,CN,2453,Gold,Terran
41,CN,2453,Gold,Protoss
41,CN,2453,Gold,Terran
41,CN,2453,Gold,Terran
41,CN,2453,Gold,Terran
41,CN,2453,Gold,Terran
41,CN,2453,Gold,Terran
41,CN,2453,Gold,Terran
41,CN,2453,Gold,Terran
41,CN,2453,Gold,Terran
41,CN,2453,Gold,Terran
41,CN,2453,Gold,Random
41,CN,2453,Gold,Terran
41,CN,2453,Gold,Protoss
41,CN,2453,Gold,Random
41,CN,2453,Gold,Protoss
41,CN,2453,Gold,Protoss
41,CN,2453,Gold,Terran
41,CN,2453,Gold,Zerg
41,CN,2453,Gold,Terran
41,CN,2453,Gold,Terran
41,CN,2453,Gold,Zerg
41,CN,2453,Gold,Random
41,CN,2453,Gold,Terran
41,CN,2453,Gold,Terran
41,CN,2453,Gold,Terran
41,CN,2453,Gold,Protoss
41,CN,2453,Gold,Protoss
41,CN,2453,Gold,Protoss
41,CN,2453,Gold,Protoss
41,CN,2453,Gold,Zerg
41,CN,2453,Gold,Random
41,CN,2453,Gold,Random
41,CN,2453,Gold,Terran
41,CN,2453,Gold,Terran
41,CN,2453,Gold,Zerg
41,CN,2453,Gold,Protoss
41,CN,2453,Gold,Zerg
41,CN,2453,Gold,Protoss
41,CN,2453,Gold,Protoss
41,CN,2453,Gold,Protoss
41,CN,2453,Gold,Protoss
41,CN,2453,Gold,Zerg
41,CN,2453,Gold,Protoss
41,CN,2453,Gold,Zerg
41,CN,2453,Gold,Protoss
41,CN,2453,Gold,Terran
41,CN,2453,Gold,Terran
41,CN,2453,Gold,Terran
41,CN,2453,Gold,Terran
41,CN,2453,Gold,Protoss
41,CN,2453,Gold,Zerg
41,CN,2453,Gold,Terran
41,CN,2453,Gold,Zerg
41,CN,2453,Gold,Random
41,CN,2453,Gold,Terran
41,CN,2453,Gold,Protoss
41,CN,2453,Gold,Zerg
41,CN,2453,Gold,Zerg
41,CN,2453,Gold,Zerg
41,CN,2453,Gold,Protoss
41,CN,2453,Gold,Terran
41,CN,2452,Gold,Terran
41,CN,2452,Gold,Terran
41,CN,2452,Gold,Terran
41,CN,2452,Gold,Zerg
41,CN,2452,Gold,Terran
41,CN,2452,Gold,Terran
41,CN,2452,Gold,Zerg
41,CN,2452,Gold,Random
41,CN,2452,Gold,Terran
41,CN,2452,Gold,Terran
41,CN,2452,Gold,Protoss
41,CN,2452,Gold,Protoss
41,CN,2452,Gold,Protoss
41,CN,2452,Gold,Terran
41,CN,2452,Gold,Terran
41,CN,2452,Gold,Protoss
41,CN,2452,Gold,Protoss
41,CN,2452,Gold,Terran
41,CN,2452,Gold,Zerg
41,CN,2452,Gold,Zerg
41,CN,2452,Gold,Protoss
41,CN,2452,Gold,Terran
41,CN,2452,Gold,Terran
41,CN,2452,Gold,Random
41,CN,2452,Gold,Terran
41,CN,2452,Gold,Terran
41,CN,2452,Gold,Terran
41,CN,2450,Gold,Protoss
41,CN,2450,Gold,Terran
41,CN,2450,Gold,Protoss
41,CN,2450,Gold,Random
41,CN,2450,Gold,Terran
41,CN,2450,Gold,Terran
41,CN,2450,Gold,Terran
41,CN,2450,Gold,Protoss
41,CN,2450,Gold,Random
41,CN,2450,Gold,Protoss
41,CN,2450,Gold,Zerg
41,CN,2450,Gold,Terran
41,CN,2450,Gold,Zerg
41,CN,2450,Gold,Protoss
41,CN,2450,Gold,Terran
41,CN,2450,Gold,Terran
41,CN,2450,Gold,Protoss
41,CN,2450,Gold,Zerg
41,CN,2450,Gold,Terran
41,CN,2450,Gold,Protoss
41,CN,2450,Gold,Protoss
41,CN,2450,Gold,Protoss
41,CN,2450,Gold,Zerg
41,CN,2450,Gold,Zerg
41,CN,2450,Gold,Terran
41,CN,2450,Gold,Zerg
41,CN,2450,Gold,Protoss
41,CN,2450,Gold,Terran
41,CN,2450,Gold,Protoss
41,CN,2450,Gold,Protoss
41,CN,2450,Gold,Terran
41,CN,2450,Gold,Terran
41,CN,2450,Gold,Random
41,CN,2450,Gold,Protoss
41,CN,2450,Gold,Protoss
41,CN,2450,Gold,Protoss
41,CN,2450,Gold,Terran
41,CN,2450,Gold,Terran
41,CN,2450,Gold,Protoss
41,CN,2450,Gold,Terran
41,CN,2450,Gold,Zerg
41,CN,2450,Gold,Protoss
41,CN,2450,Gold,Zerg
41,CN,2450,Gold,Protoss
41,CN,2450,Gold,Terran
41,CN,2450,Gold,Zerg
41,CN,2450,Gold,Protoss
41,CN,2450,Gold,Terran
41,CN,2450,Gold,Protoss
41,CN,2450,Gold,Protoss
41,CN,2450,Gold,Random
41,CN,2450,Gold,Terran
41,CN,2450,Gold,Terran
41,CN,2450,Gold,Terran
41,CN,2450,Gold,Protoss
41,CN,2450,Gold,Protoss
41,CN,2450,Gold,Random
41,CN,2450,Gold,Terran
41,CN,2450,Gold,Protoss
41,CN,2450,Gold,Zerg
41,CN,2450,Gold,Zerg
41,CN,2450,Gold,Zerg
41,CN,2450,Gold,Protoss
41,CN,2450,Gold,Zerg
41,CN,2450,Gold,Zerg
41,CN,2450,Gold,Terran
41,CN,2450,Gold,Zerg
41,CN,2450,Gold,Protoss
41,CN,2450,Gold,Terran
41,CN,2450,Gold,Terran
41,CN,2450,Gold,Zerg
41,CN,2450,Gold,Zerg
41,CN,2450,Gold,Terran
41,CN,2450,Gold,Random
41,CN,2450,Gold,Protoss
41,CN,2449,Gold,Zerg
41,CN,2449,Gold,Zerg
41,CN,2449,Gold,Zerg
41,CN,2449,Gold,Protoss
41,CN,2449,Gold,Terran
41,CN,2449,Gold,Protoss
41,CN,2449,Gold,Protoss
41,CN,2449,Gold,Zerg
41,CN,2449,Gold,Protoss
41,CN,2449,Gold,Protoss
41,CN,2449,Gold,Terran
41,CN,2449,Gold,Zerg
41,CN,2449,Gold,Protoss
41,CN,2449,Gold,Random
41,CN,2449,Gold,Terran
41,CN,2449,Gold,Terran
41,CN,2449,Gold,Zerg
41,CN,2449,Gold,Zerg
41,CN,2449,Gold,Protoss
41,CN,2449,Gold,Terran
41,CN,2449,Gold,Terran
41,CN,2449,Gold,Protoss
41,CN,2449,Gold,Protoss
41,CN,2449,Gold,Terran
41,CN,2449,Gold,Terran
41,CN,2447,Gold,Protoss
41,CN,2447,Gold,Protoss
41,CN,2447,Gold,Terran
41,CN,2447,Gold,Protoss
41,CN,2447,Gold,Protoss
41,CN,2447,Gold,Terran
41,CN,2447,Gold,Protoss
41,CN,2447,Gold,Terran
41,CN,2447,Gold,Zerg
41,CN,2447,Gold,Terran
41,CN,2447,Gold,Zerg
41,CN,2447,Gold,Terran
41,CN,2447,Gold,Protoss
41,CN,2447,Gold,Terran
41,CN,2447,Gold,Terran
41,CN,2447,Gold,Zerg
41,CN,2447,Gold,Terran
41,CN,2447,Gold,Terran
41,CN,2447,Gold,Terran
41,CN,2447,Gold,Protoss
41,CN,2447,Gold,Zerg
41,CN,2447,Gold,Terran
41,CN,2447,Gold,Random
41,CN,2447,Gold,Random
41,CN,2447,Gold,Protoss
41,CN,2447,Gold,Zerg
41,CN,2447,Gold,Zerg
41,CN,2447,Gold,Protoss
41,CN,2447,Gold,Terran
41,CN,2447,Gold,Protoss
41,CN,2447,Gold,Protoss
41,CN,2447,Gold,Protoss
41,CN,2447,Gold,Zerg
41,CN,2447,Gold,Terran
41,CN,2447,Gold,Terran
41,CN,2447,Gold,Terran
41,CN,2447,Gold,Terran
41,CN,2447,Gold,Terran
41,CN,2447,Gold,Protoss
41,CN,2447,Gold,Terran
41,CN,2447,Gold,Terran
41,CN,2447,Gold,Protoss
41,CN,2447,Gold,Terran
41,CN,2447,Gold,Terran
41,CN,2447,Gold,Protoss
41,CN,2447,Gold,Terran
41,CN,2447,Gold,Zerg
41,CN,2447,Gold,Zerg
41,CN,2447,Gold,Terran
41,CN,2447,Gold,Zerg
41,CN,2447,Gold,Protoss
41,CN,2447,Gold,Protoss
41,CN,2447,Gold,Zerg
41,CN,2447,Gold,Protoss
41,CN,2447,Gold,Protoss
41,CN,2447,Gold,Zerg
41,CN,2447,Gold,Terran
41,CN,2447,Gold,Zerg
41,CN,2447,Gold,Protoss
41,CN,2447,Gold,Protoss
41,CN,2447,Gold,Terran
41,CN,2447,Gold,Protoss
41,CN,2447,Gold,Zerg
41,CN,2447,Gold,Terran
41,CN,2447,Gold,Terran
41,CN,2447,Gold,Random
41,CN,2447,Gold,Protoss
41,CN,2447,Gold,Protoss
41,CN,2447,Gold,Terran
41,CN,2447,Gold,Protoss
41,CN,2447,Gold,Protoss
41,CN,2447,Gold,Terran
41,CN,2447,Gold,Protoss
41,CN,2447,Gold,Terran
41,CN,2446,Gold,Protoss
41,CN,2446,Gold,Terran
41,CN,2446,Gold,Zerg
41,CN,2446,Gold,Protoss
41,CN,2446,Gold,Protoss
41,CN,2446,Gold,Terran
41,CN,2446,Gold,Protoss
41,CN,2446,Gold,Zerg
41,CN,2446,Gold,Protoss
41,CN,2446,Gold,Terran
41,CN,2446,Gold,Terran
41,CN,2446,Gold,Protoss
41,CN,2446,Gold,Terran
41,CN,2446,Gold,Terran
41,CN,2446,Gold,Protoss
41,CN,2446,Gold,Protoss
41,CN,2446,Gold,Protoss
41,CN,2446,Gold,Terran
41,CN,2446,Gold,Terran
41,CN,2446,Gold,Protoss
41,CN,2446,Gold,Protoss
41,CN,2446,Gold,Random
41,CN,2446,Gold,Random
41,CN,2446,Gold,Protoss
41,CN,2446,Gold,Terran
41,CN,2446,Gold,Terran
41,CN,2444,Gold,Random
41,CN,2444,Gold,Terran
41,CN,2444,Gold,Terran
41,CN,2444,Gold,Zerg
41,CN,2444,Gold,Random
41,CN,2444,Gold,Protoss
41,CN,2444,Gold,Protoss
41,CN,2444,Gold,Terran
41,CN,2444,Gold,Terran
41,CN,2444,Gold,Protoss
41,CN,2444,Gold,Terran
41,CN,2444,Gold,Protoss
41,CN,2444,Gold,Zerg
41,CN,2444,Gold,Terran
41,CN,2444,Gold,Zerg
41,CN,2444,Gold,Terran
41,CN,2444,Gold,Protoss
41,CN,2444,Gold,Terran
41,CN,2444,Gold,Terran
41,CN,2444,Gold,Terran
41,CN,2444,Gold,Protoss
41,CN,2444,Gold,Protoss
41,CN,2444,Gold,Terran
41,CN,2444,Gold,Protoss
41,CN,2444,Gold,Zerg
41,CN,2444,Gold,Zerg
41,CN,2444,Gold,Protoss
41,CN,2444,Gold,Protoss
41,CN,2444,Gold,Protoss
41,CN,2444,Gold,Protoss
41,CN,2444,Gold,Terran
41,CN,2444,Gold,Zerg
41,CN,2444,Gold,Terran
41,CN,2444,Gold,Protoss
41,CN,2444,Gold,Protoss
41,CN,2444,Gold,Terran
41,CN,2444,Gold,Protoss
41,CN,2444,Gold,Protoss
41,CN,2444,Gold,Protoss
41,CN,2444,Gold,Zerg
41,CN,2444,Gold,Random
41,CN,2444,Gold,Terran
41,CN,2444,Gold,Protoss
41,CN,2444,Gold,Terran
41,CN,2444,Gold,Protoss
41,CN,2444,Gold,Random
41,CN,2444,Gold,Protoss
41,CN,2444,Gold,Terran
41,CN,2444,Gold,Terran
41,CN,2444,Gold,Terran
41,CN,2444,Gold,Terran
41,CN,2444,Gold,Zerg
41,CN,2444,Gold,Terran
41,CN,2444,Gold,Terran
41,CN,2444,Gold,Protoss
41,CN,2444,Gold,Terran
41,CN,2444,Gold,Zerg
41,CN,2443,Gold,Random
41,CN,2443,Gold,Protoss
41,CN,2443,Gold,Protoss
41,CN,2443,Gold,Protoss
41,CN,2443,Gold,Protoss
41,CN,2443,Gold,Protoss
41,CN,2443,Gold,Protoss
41,CN,2443,Gold,Random
41,CN,2443,Gold,Terran
41,CN,2443,Gold,Protoss
41,CN,2443,Gold,Protoss
41,CN,2443,Gold,Random
41,CN,2443,Gold,Terran
41,CN,2443,Gold,Protoss
41,CN,2443,Gold,Zerg
41,CN,2443,Gold,Protoss
41,CN,2443,Gold,Protoss
41,CN,2443,Gold,Protoss
41,CN,2443,Gold,Terran
41,CN,2443,Gold,Zerg
41,CN,2443,Gold,Terran
41,CN,2443,Gold,Terran
41,CN,2443,Gold,Terran
41,CN,2443,Gold,Terran
41,CN,2443,Gold,Terran
41,CN,2443,Gold,Zerg
41,CN,2443,Gold,Protoss
41,CN,2443,Gold,Zerg
41,CN,2443,Gold,Terran
41,CN,2443,Gold,Protoss
41,CN,2443,Gold,Terran
41,CN,2443,Gold,Zerg
41,CN,2443,Gold,Terran
41,CN,2443,Gold,Terran
41,CN,2443,Gold,Protoss
41,CN,2443,Gold,Zerg
41,CN,2443,Gold,Protoss
41,CN,2443,Gold,Terran
41,CN,2443,Gold,Zerg
41,CN,2443,Gold,Protoss
41,CN,2443,Gold,Terran
41,CN,2443,Gold,Zerg
41,CN,2443,Gold,Random
41,CN,2441,Gold,Terran
41,CN,2441,Gold,Terran
41,CN,2441,Gold,Terran
41,CN,2441,Gold,Zerg
41,CN,2441,Gold,Zerg
41,CN,2441,Gold,Protoss
41,CN,2441,Gold,Terran
41,CN,2441,Gold,Protoss
41,CN,2441,Gold,Terran
41,CN,2441,Gold,Random
41,CN,2441,Gold,Terran
41,CN,2441,Gold,Protoss
41,CN,2441,Gold,Terran
41,CN,2441,Gold,Zerg
41,CN,2441,Gold,Terran
41,CN,2441,Gold,Zerg
41,CN,2441,Gold,Terran
41,CN,2441,Gold,Protoss
41,CN,2441,Gold,Terran
41,CN,2441,Gold,Zerg
41,CN,2441,Gold,Terran
41,CN,2441,Gold,Zerg
41,CN,2441,Gold,Terran
41,CN,2441,Gold,Protoss
41,CN,2441,Gold,Terran
41,CN,2441,Gold,Zerg
41,CN,2441,Gold,Protoss
41,CN,2441,Gold,Zerg
41,CN,2441,Gold,Terran
41,CN,2441,Gold,Terran
41,CN,2441,Gold,Zerg
41,CN,2441,Gold,Protoss
41,CN,2441,Gold,Zerg
41,CN,2441,Gold,Protoss
41,CN,2441,Gold,Protoss
41,CN,2441,Gold,Zerg
41,CN,2441,Gold,Terran
41,CN,2441,Gold,Zerg
41,CN,2441,Gold,Terran
41,CN,2441,Gold,Terran
41,CN,2441,Gold,Terran
41,CN,2441,Gold,Terran
41,CN,2441,Gold,Zerg
41,CN,2441,Gold,Protoss
41,CN,2441,Gold,Random
41,CN,2441,Gold,Zerg
41,CN,2441,Gold,Terran
41,CN,2441,Gold,Terran
41,CN,2441,Gold,Terran
41,CN,2441,Gold,Terran
41,CN,2441,Gold,Terran
41,CN,2441,Gold,Random
41,CN,2441,Gold,Protoss
41,CN,2441,Gold,Protoss
41,CN,2441,Gold,Terran
41,CN,2441,Gold,Zerg
41,CN,2441,Gold,Zerg
41,CN,2441,Gold,Protoss
41,CN,2441,Gold,Random
41,CN,2441,Gold,Protoss
41,CN,2441,Gold,Protoss
41,CN,2441,Gold,Zerg
41,CN,2441,Gold,Zerg
41,CN,2441,Gold,Zerg
41,CN,2441,Gold,Terran
41,CN,2441,Gold,Terran
41,CN,2441,Gold,Protoss
41,CN,2441,Gold,Zerg
41,CN,2441,Gold,Protoss
41,CN,2441,Gold,Protoss
41,CN,2441,Gold,Terran
41,CN,2441,Gold,Terran
41,CN,2440,Gold,Terran
41,CN,2440,Gold,Protoss
41,CN,2440,Gold,Zerg
41,CN,2440,Gold,Protoss
41,CN,2440,Gold,Terran
41,CN,2440,Gold,Protoss
41,CN,2440,Gold,Terran
41,CN,2440,Gold,Terran
41,CN,2440,Gold,Protoss
41,CN,2440,Gold,Terran
41,CN,2440,Gold,Zerg
41,CN,2440,Gold,Random
41,CN,2440,Gold,Terran
41,CN,2440,Gold,Zerg
41,CN,2440,Gold,Zerg
41,CN,2440,Gold,Terran
41,CN,2440,Gold,Terran
41,CN,2440,Gold,Protoss
41,CN,2440,Gold,Zerg
41,CN,2440,Gold,Protoss
41,CN,2440,Gold,Zerg
41,CN,2440,Gold,Zerg
41,CN,2440,Gold,Terran
41,CN,2440,Gold,Protoss
41,CN,2440,Gold,Terran
41,CN,2440,Gold,Protoss
41,CN,2440,Gold,Terran
41,CN,2440,Gold,Terran
41,CN,2438,Gold,Terran
41,CN,2438,Gold,Protoss
41,CN,2438,Gold,Zerg
41,CN,2438,Gold,Terran
41,CN,2438,Gold,Zerg
41,CN,2438,Gold,Protoss
41,CN,2438,Gold,Zerg
41,CN,2438,Gold,Protoss
41,CN,2438,Gold,Zerg
41,CN,2438,Gold,Zerg
41,CN,2438,Gold,Terran
41,CN,2438,Gold,Terran
41,CN,2438,Gold,Random
41,CN,2438,Gold,Protoss
41,CN,2438,Gold,Terran
41,CN,2438,Gold,Terran
41,CN,2438,Gold,Protoss
41,CN,2438,Gold,Zerg
41,CN,2438,Gold,Protoss
41,CN,2438,Gold,Zerg
41,CN,2438,Gold,Protoss
41,CN,2438,Gold,Zerg
41,CN,2438,Gold,Protoss
41,CN,2438,Gold,Terran
41,CN,2438,Gold,Zerg
41,CN,2438,Gold,Zerg
41,CN,2438,Gold,Protoss
41,CN,2438,Gold,Zerg
41,CN,2438,Gold,Zerg
41,CN,2438,Gold,Terran
41,CN,2438,Gold,Protoss
41,CN,2438,Gold,Zerg
41,CN,2438,Gold,Protoss
41,CN,2438,Gold,Terran
41,CN,2438,Gold,Protoss
41,CN,2438,Gold,Protoss
41,CN,2438,Gold,Random
41,CN,2438,Gold,Random
41,CN,2438,Gold,Protoss
41,CN,2438,Gold,Terran
41,CN,2438,Gold,Random
41,CN,2438,Gold,Protoss
41,CN,2438,Gold,Terran
41,CN,2438,Gold,Terran
41,CN,2438,Gold,Terran
41,CN,2438,Gold,Protoss
41,CN,2438,Gold,Random
41,CN,2438,Gold,Protoss
41,CN,2437,Gold,Terran
41,CN,2437,Gold,Zerg
41,CN,2437,Gold,Zerg
41,CN,2437,Gold,Protoss
41,CN,2437,Gold,Terran
41,CN,2437,Gold,Protoss
41,CN,2437,Gold,Terran
41,CN,2437,Gold,Zerg
41,CN,2437,Gold,Random
41,CN,2437,Gold,Zerg
41,CN,2437,Gold,Protoss
41,CN,2437,Gold,Protoss
41,CN,2437,Gold,Terran
41,CN,2437,Gold,Protoss
41,CN,2437,Gold,Terran
41,CN,2437,Gold,Terran
41,CN,2437,Gold,Protoss
41,CN,2437,Gold,Zerg
41,CN,2437,Gold,Terran
41,CN,2437,Gold,Protoss
41,CN,2437,Gold,Protoss
41,CN,2437,Gold,Protoss
41,CN,2437,Gold,Terran
41,CN,2437,Gold,Terran
41,CN,2437,Gold,Protoss
41,CN,2437,Gold,Zerg
41,CN,2437,Gold,Protoss
41,CN,2437,Gold,Zerg
41,CN,2437,Gold,Protoss
41,CN,2437,Gold,Terran
41,CN,2437,Gold,Protoss
41,CN,2437,Gold,Terran
41,CN,2437,Gold,Zerg
41,CN,2437,Gold,Protoss
41,CN,2437,Gold,Protoss
41,CN,2437,Gold,Terran
41,CN,2437,Gold,Protoss
41,CN,2437,Gold,Terran
41,CN,2437,Gold,Protoss
41,CN,2437,Gold,Zerg
41,CN,2437,Gold,Terran
41,CN,2437,Gold,Protoss
41,CN,2437,Gold,Protoss
41,CN,2437,Gold,Protoss
41,CN,2437,Gold,Terran
41,CN,2437,Gold,Zerg
41,CN,2437,Gold,Protoss
41,CN,2437,Gold,Terran
41,CN,2437,Gold,Protoss
41,CN,2437,Gold,Terran
41,CN,2437,Gold,Zerg
41,CN,2437,Gold,Zerg
41,CN,2435,Gold,Terran
41,CN,2435,Gold,Random
41,CN,2435,Gold,Zerg
41,CN,2435,Gold,Terran
41,CN,2435,Gold,Protoss
41,CN,2435,Gold,Protoss
41,CN,2435,Gold,Protoss
41,CN,2435,Gold,Terran
41,CN,2435,Gold,Protoss
41,CN,2435,Gold,Terran
41,CN,2435,Gold,Terran
41,CN,2435,Gold,Terran
41,CN,2435,Gold,Zerg
41,CN,2435,Gold,Zerg
41,CN,2435,Gold,Protoss
41,CN,2435,Gold,Terran
41,CN,2435,Gold,Protoss
41,CN,2435,Gold,Zerg
41,CN,2435,Gold,Protoss
41,CN,2435,Gold,Protoss
41,CN,2435,Gold,Protoss
41,CN,2435,Gold,Terran
41,CN,2435,Gold,Protoss
41,CN,2435,Gold,Zerg
41,CN,2435,Gold,Zerg
41,CN,2435,Gold,Terran
41,CN,2435,Gold,Terran
41,CN,2435,Gold,Terran
41,CN,2435,Gold,Zerg
41,CN,2435,Gold,Terran
41,CN,2435,Gold,Terran
41,CN,2435,Gold,Protoss
41,CN,2435,Gold,Protoss
41,CN,2435,Gold,Zerg
41,CN,2435,Gold,Terran
41,CN,2435,Gold,Terran
41,CN,2435,Gold,Terran
41,CN,2435,Gold,Random
41,CN,2435,Gold,Terran
41,CN,2435,Gold,Zerg
41,CN,2435,Gold,Terran
41,CN,2435,Gold,Terran
41,CN,2435,Gold,Terran
41,CN,2435,Gold,Protoss
41,CN,2435,Gold,Random
41,CN,2435,Gold,Protoss
41,CN,2435,Gold,Random
41,CN,2435,Gold,Terran
41,CN,2435,Gold,Terran
41,CN,2435,Gold,Zerg
41,CN,2435,Gold,Terran
41,CN,2435,Gold,Protoss
41,CN,2435,Gold,Terran
41,CN,2435,Gold,Zerg
41,CN,2435,Gold,Terran
41,CN,2435,Gold,Random
41,CN,2435,Gold,Protoss
41,CN,2434,Gold,Terran
41,CN,2434,Gold,Zerg
41,CN,2434,Gold,Terran
41,CN,2434,Gold,Terran
41,CN,2434,Gold,Terran
41,CN,2434,Gold,Zerg
41,CN,2434,Gold,Zerg
41,CN,2434,Gold,Terran
41,CN,2434,Gold,Protoss
41,CN,2434,Gold,Protoss
41,CN,2434,Gold,Terran
41,CN,2434,Gold,Terran
41,CN,2434,Gold,Protoss
41,CN,2434,Gold,Terran
41,CN,2434,Gold,Terran
41,CN,2434,Gold,Zerg
41,CN,2434,Gold,Protoss
41,CN,2434,Gold,Terran
41,CN,2434,Gold,Terran
41,CN,2434,Gold,Terran
41,CN,2434,Gold,Protoss
41,CN,2434,Gold,Terran
41,CN,2434,Gold,Random
41,CN,2434,Gold,Random
41,CN,2434,Gold,Protoss
41,CN,2434,Gold,Terran
41,CN,2434,Gold,Terran
41,CN,2434,Gold,Protoss
41,CN,2434,Gold,Terran
41,CN,2434,Gold,Protoss
41,CN,2434,Gold,Zerg
41,CN,2434,Gold,Protoss
41,CN,2434,Gold,Terran
41,CN,2434,Gold,Random
41,CN,2434,Gold,Terran
41,CN,2434,Gold,Zerg
41,CN,2434,Gold,Terran
41,CN,2434,Gold,Terran
41,CN,2434,Gold,Terran
41,CN,2434,Gold,Terran
41,CN,2434,Gold,Protoss
41,CN,2434,Gold,Terran
41,CN,2434,Gold,Zerg
41,CN,2432,Gold,Terran
41,CN,2432,Gold,Protoss
41,CN,2432,Gold,Protoss
41,CN,2432,Gold,Terran
41,CN,2432,Gold,Terran
41,CN,2432,Gold,Protoss
41,CN,2432,Gold,Protoss
41,CN,2432,Gold,Protoss
41,CN,2432,Gold,Terran
41,CN,2432,Gold,Protoss
41,CN,2432,Gold,Terran
41,CN,2432,Gold,Terran
41,CN,2432,Gold,Terran
41,CN,2432,Gold,Terran
41,CN,2432,Gold,Terran
41,CN,2432,Gold,Protoss
41,CN,2432,Gold,Terran
41,CN,2432,Gold,Zerg
41,CN,2432,Gold,Protoss
41,CN,2432,Gold,Protoss
41,CN,2432,Gold,Terran
41,CN,2432,Gold,Terran
41,CN,2432,Gold,Protoss
41,CN,2432,Gold,Protoss
41,CN,2432,Gold,Protoss
41,CN,2432,Gold,Protoss
41,CN,2432,Gold,Zerg
41,CN,2432,Gold,Terran
41,CN,2432,Gold,Terran
41,CN,2432,Gold,Terran
41,CN,2432,Gold,Terran
41,CN,2432,Gold,Protoss
41,CN,2432,Gold,Protoss
41,CN,2432,Gold,Protoss
41,CN,2432,Gold,Terran
41,CN,2432,Gold,Protoss
41,CN,2432,Gold,Terran
41,CN,2432,Gold,Terran
41,CN,2432,Gold,Terran
41,CN,2432,Gold,Terran
41,CN,2432,Gold,Protoss
41,CN,2432,Gold,Terran
41,CN,2432,Gold,Terran
41,CN,2432,Gold,Zerg
41,CN,2432,Gold,Protoss
41,CN,2432,Gold,Protoss
41,CN,2432,Gold,Terran
41,CN,2432,Gold,Protoss
41,CN,2432,Gold,Protoss
41,CN,2432,Gold,Terran
41,CN,2432,Gold,Terran
41,CN,2432,Gold,Random
41,CN,2432,Gold,Protoss
41,CN,2432,Gold,Protoss
41,CN,2432,Gold,Terran
41,CN,2432,Gold,Protoss
41,CN,2432,Gold,Terran
41,CN,2432,Gold,Terran
41,CN,2432,Gold,Protoss
41,CN,2432,Gold,Zerg
41,CN,2432,Gold,Random
41,CN,2432,Gold,Terran
41,CN,2432,Gold,Protoss
41,CN,2432,Gold,Protoss
41,CN,2432,Gold,Protoss
41,CN,2432,Gold,Terran
41,CN,2431,Gold,Zerg
41,CN,2431,Gold,Random
41,CN,2431,Gold,Zerg
41,CN,2431,Gold,Random
41,CN,2431,Gold,Protoss
41,CN,2431,Gold,Terran
41,CN,2431,Gold,Zerg
41,CN,2431,Gold,Zerg
41,CN,2431,Gold,Random
41,CN,2431,Gold,Protoss
41,CN,2431,Gold,Zerg
41,CN,2431,Gold,Protoss
41,CN,2431,Gold,Random
41,CN,2431,Gold,Random
41,CN,2431,Gold,Zerg
41,CN,2431,Gold,Protoss
41,CN,2431,Gold,Protoss
41,CN,2431,Gold,Protoss
41,CN,2431,Gold,Zerg
41,CN,2431,Gold,Terran
41,CN,2431,Gold,Zerg
41,CN,2431,Gold,Terran
41,CN,2431,Gold,Protoss
41,CN,2431,Gold,Zerg
41,CN,2431,Gold,Protoss
41,CN,2431,Gold,Zerg
41,CN,2431,Gold,Zerg
41,CN,2431,Gold,Terran
41,CN,2431,Gold,Protoss
41,CN,2431,Gold,Zerg
41,CN,2431,Gold,Protoss
41,CN,2431,Gold,Protoss
41,CN,2431,Gold,Protoss
41,CN,2431,Gold,Protoss
41,CN,2429,Gold,Random
41,CN,2429,Gold,Protoss
41,CN,2429,Gold,Protoss
41,CN,2429,Gold,Terran
41,CN,2429,Gold,Zerg
41,CN,2429,Gold,Random
41,CN,2429,Gold,Protoss
41,CN,2429,Gold,Terran
41,CN,2429,Gold,Protoss
41,CN,2429,Gold,Zerg
41,CN,2429,Gold,Protoss
41,CN,2429,Gold,Terran
41,CN,2429,Gold,Protoss
41,CN,2429,Gold,Zerg
41,CN,2429,Gold,Zerg
41,CN,2429,Gold,Terran
41,CN,2429,Gold,Protoss
41,CN,2429,Gold,Zerg
41,CN,2429,Gold,Zerg
41,CN,2429,Gold,Zerg
41,CN,2429,Gold,Terran
41,CN,2429,Gold,Protoss
41,CN,2429,Gold,Zerg
41,CN,2429,Gold,Terran
41,CN,2429,Gold,Zerg
41,CN,2429,Gold,Zerg
41,CN,2429,Gold,Zerg
41,CN,2429,Gold,Terran
41,CN,2429,Gold,Terran
41,CN,2429,Gold,Zerg
41,CN,2429,Gold,Terran
41,CN,2429,Gold,Terran
41,CN,2429,Gold,Zerg
41,CN,2429,Gold,Protoss
41,CN,2429,Gold,Terran
41,CN,2429,Gold,Terran
41,CN,2429,Gold,Terran
41,CN,2429,Gold,Zerg
41,CN,2429,Gold,Protoss
41,CN,2429,Gold,Terran
41,CN,2429,Gold,Terran
41,CN,2429,Gold,Zerg
41,CN,2429,Gold,Zerg
41,CN,2429,Gold,Zerg
41,CN,2429,Gold,Terran
41,CN,2429,Gold,Protoss
41,CN,2429,Gold,Zerg
41,CN,2429,Gold,Zerg
41,CN,2429,Gold,Protoss
41,CN,2429,Gold,Terran
41,CN,2429,Gold,Protoss
41,CN,2429,Gold,Zerg
41,CN,2429,Gold,Protoss
41,CN,2429,Gold,Protoss
41,CN,2429,Gold,Terran
41,CN,2429,Gold,Terran
41,CN,2429,Gold,Terran
41,CN,2429,Gold,Protoss
41,CN,2429,Gold,Terran
41,CN,2429,Gold,Zerg
41,CN,2429,Gold,Terran
41,CN,2428,Gold,Protoss
41,CN,2428,Gold,Zerg
41,CN,2428,Gold,Terran
41,CN,2428,Gold,Protoss
41,CN,2428,Gold,Terran
41,CN,2428,Gold,Zerg
41,CN,2428,Gold,Terran
41,CN,2428,Gold,Protoss
41,CN,2428,Gold,Protoss
41,CN,2428,Gold,Random
41,CN,2428,Gold,Terran
41,CN,2428,Gold,Terran
41,CN,2428,Gold,Protoss
41,CN,2428,Gold,Protoss
41,CN,2428,Gold,Zerg
41,CN,2428,Gold,Terran
41,CN,2428,Gold,Protoss
41,CN,2428,Gold,Terran
41,CN,2428,Gold,Random
41,CN,2428,Gold,Protoss
41,CN,2428,Gold,Zerg
41,CN,2428,Gold,Zerg
41,CN,2428,Gold,Terran
41,CN,2428,Gold,Terran
41,CN,2428,Gold,Terran
41,CN,2428,Gold,Terran
41,CN,2428,Gold,Terran
41,CN,2428,Gold,Protoss
41,CN,2428,Gold,Zerg
41,CN,2428,Gold,Random
41,CN,2428,Gold,Protoss
41,CN,2428,Gold,Terran
41,CN,2428,Gold,Protoss
41,CN,2428,Gold,Zerg
41,CN,2428,Gold,Terran
41,CN,2428,Gold,Protoss
41,CN,2428,Gold,Zerg
41,CN,2428,Gold,Terran
41,CN,2428,Gold,Random
41,CN,2426,Gold,Random
41,CN,2426,Gold,Protoss
41,CN,2426,Gold,Zerg
41,CN,2426,Gold,Protoss
41,CN,2426,Gold,Terran
41,CN,2426,Gold,Terran
41,CN,2426,Gold,Terran
41,CN,2426,Gold,Terran
41,CN,2426,Gold,Terran
41,CN,2426,Gold,Zerg
41,CN,2426,Gold,Protoss
41,CN,2426,Gold,Zerg
41,CN,2426,Gold,Terran
41,CN,2426,Gold,Terran
41,CN,2426,Gold,Terran
41,CN,2426,Gold,Terran
41,CN,2426,Gold,Protoss
41,CN,2426,Gold,Zerg
41,CN,2426,Gold,Terran
41,CN,2426,Gold,Protoss
41,CN,2426,Gold,Protoss
41,CN,2426,Gold,Zerg
41,CN,2426,Gold,Protoss
41,CN,2426,Gold,Terran
41,CN,2426,Gold,Terran
41,CN,2426,Gold,Protoss
41,CN,2426,Gold,Terran
41,CN,2426,Gold,Protoss
41,CN,2426,Gold,Terran
41,CN,2426,Gold,Terran
41,CN,2426,Gold,Protoss
41,CN,2426,Gold,Terran
41,CN,2426,Gold,Terran
41,CN,2426,Gold,Terran
41,CN,2426,Gold,Zerg
41,CN,2426,Gold,Random
41,CN,2426,Gold,Terran
41,CN,2426,Gold,Terran
41,CN,2426,Gold,Terran
41,CN,2426,Gold,Terran
41,CN,2426,Gold,Protoss
41,CN,2426,Gold,Terran
41,CN,2426,Gold,Terran
41,CN,2426,Gold,Zerg
41,CN,2426,Gold,Zerg
41,CN,2426,Gold,Random
41,CN,2426,Gold,Protoss
41,CN,2426,Gold,Protoss
41,CN,2426,Gold,Zerg
41,CN,2426,Gold,Zerg
41,CN,2426,Gold,Protoss
41,CN,2426,Gold,Terran
41,CN,2426,Gold,Terran
41,CN,2426,Gold,Terran
41,CN,2426,Gold,Terran
41,CN,2426,Gold,Protoss
41,CN,2426,Gold,Terran
41,CN,2426,Gold,Random
41,CN,2426,Gold,Protoss
41,CN,2426,Gold,Protoss
41,CN,2426,Gold,Zerg
41,CN,2426,Gold,Terran
41,CN,2426,Gold,Protoss
41,CN,2426,Gold,Terran
41,CN,2426,Gold,Zerg
41,CN,2426,Gold,Zerg
41,CN,2426,Gold,Terran
41,CN,2426,Gold,Zerg
41,CN,2425,Gold,Zerg
41,CN,2425,Gold,Zerg
41,CN,2425,Gold,Terran
41,CN,2425,Gold,Protoss
41,CN,2425,Gold,Terran
41,CN,2425,Gold,Random
41,CN,2425,Gold,Terran
41,CN,2425,Gold,Terran
41,CN,2425,Gold,Terran
41,CN,2425,Gold,Protoss
41,CN,2425,Gold,Protoss
41,CN,2425,Gold,Zerg
41,CN,2425,Gold,Terran
41,CN,2425,Gold,Protoss
41,CN,2425,Gold,Terran
41,CN,2425,Gold,Zerg
41,CN,2425,Gold,Zerg
41,CN,2425,Gold,Terran
41,CN,2425,Gold,Terran
41,CN,2425,Gold,Terran
41,CN,2425,Gold,Zerg
41,CN,2425,Gold,Protoss
41,CN,2425,Gold,Zerg
41,CN,2425,Gold,Terran
41,CN,2425,Gold,Terran
41,CN,2425,Gold,Protoss
41,CN,2425,Gold,Protoss
41,CN,2425,Gold,Random
41,CN,2425,Gold,Protoss
41,CN,2425,Gold,Protoss
41,CN,2425,Gold,Protoss
41,CN,2425,Gold,Zerg
41,CN,2423,Gold,Terran
41,CN,2423,Gold,Protoss
41,CN,2423,Gold,Zerg
41,CN,2423,Gold,Terran
41,CN,2423,Gold,Terran
41,CN,2423,Gold,Terran
41,CN,2423,Gold,Zerg
41,CN,2423,Gold,Terran
41,CN,2423,Gold,Terran
41,CN,2423,Gold,Terran
41,CN,2423,Gold,Protoss
41,CN,2423,Gold,Terran
41,CN,2423,Gold,Protoss
41,CN,2423,Gold,Protoss
41,CN,2423,Gold,Terran
41,CN,2423,Gold,Protoss
41,CN,2423,Gold,Protoss
41,CN,2423,Gold,Terran
41,CN,2423,Gold,Terran
41,CN,2423,Gold,Terran
41,CN,2423,Gold,Zerg
41,CN,2423,Gold,Terran
41,CN,2423,Gold,Zerg
41,CN,2423,Gold,Protoss
41,CN,2423,Gold,Terran
41,CN,2423,Gold,Protoss
41,CN,2423,Gold,Zerg
41,CN,2423,Gold,Terran
41,CN,2423,Gold,Protoss
41,CN,2423,Gold,Protoss
41,CN,2423,Gold,Terran
41,CN,2423,Gold,Protoss
41,CN,2423,Gold,Protoss
41,CN,2423,Gold,Protoss
41,CN,2423,Gold,Terran
41,CN,2423,Gold,Terran
41,CN,2423,Gold,Protoss
41,CN,2423,Gold,Random
41,CN,2423,Gold,Protoss
41,CN,2423,Gold,Zerg
41,CN,2423,Gold,Zerg
41,CN,2423,Gold,Terran
41,CN,2423,Gold,Zerg
41,CN,2423,Gold,Zerg
41,CN,2423,Gold,Protoss
41,CN,2423,Gold,Zerg
41,CN,2423,Gold,Protoss
41,CN,2423,Gold,Protoss
41,CN,2423,Gold,Protoss
41,CN,2423,Gold,Terran
41,CN,2423,Gold,Terran
41,CN,2423,Gold,Terran
41,CN,2423,Gold,Zerg
41,CN,2423,Gold,Zerg
41,CN,2423,Gold,Protoss
41,CN,2422,Gold,Terran
41,CN,2422,Gold,Zerg
41,CN,2422,Gold,Terran
41,CN,2422,Gold,Protoss
41,CN,2422,Gold,Protoss
41,CN,2422,Gold,Terran
41,CN,2422,Gold,Protoss
41,CN,2422,Gold,Zerg
41,CN,2422,Gold,Protoss
41,CN,2422,Gold,Terran
41,CN,2422,Gold,Terran
41,CN,2422,Gold,Protoss
41,CN,2422,Gold,Zerg
41,CN,2422,Gold,Terran
41,CN,2422,Gold,Zerg
41,CN,2422,Gold,Zerg
41,CN,2422,Gold,Zerg
41,CN,2422,Gold,Random
41,CN,2422,Gold,Random
41,CN,2422,Gold,Terran
41,CN,2422,Gold,Protoss
41,CN,2422,Gold,Protoss
41,CN,2422,Gold,Terran
41,CN,2422,Gold,Terran
41,CN,2422,Gold,Protoss
41,CN,2422,Gold,Protoss
41,CN,2422,Gold,Terran
41,CN,2422,Gold,Protoss
41,CN,2422,Gold,Protoss
41,CN,2422,Gold,Protoss
41,CN,2422,Gold,Zerg
41,CN,2422,Gold,Zerg
41,CN,2422,Gold,Zerg
41,CN,2422,Gold,Protoss
41,CN,2422,Gold,Terran
41,CN,2422,Gold,Terran
41,CN,2422,Gold,Zerg
41,CN,2422,Gold,Terran
41,CN,2422,Gold,Zerg
41,CN,2422,Gold,Zerg
41,CN,2422,Gold,Zerg
41,CN,2422,Gold,Terran
41,CN,2422,Gold,Zerg
41,CN,2422,Gold,Terran
41,CN,2422,Gold,Terran
41,CN,2420,Gold,Zerg
41,CN,2420,Gold,Terran
41,CN,2420,Gold,Terran
41,CN,2420,Gold,Terran
41,CN,2420,Gold,Random
41,CN,2420,Gold,Protoss
41,CN,2420,Gold,Protoss
41,CN,2420,Gold,Protoss
41,CN,2420,Gold,Protoss
41,CN,2420,Gold,Terran
41,CN,2420,Gold,Protoss
41,CN,2420,Gold,Protoss
41,CN,2420,Gold,Terran
41,CN,2420,Gold,Terran
41,CN,2420,Gold,Protoss
41,CN,2420,Gold,Terran
41,CN,2420,Gold,Protoss
41,CN,2420,Gold,Random
41,CN,2420,Gold,Protoss
41,CN,2420,Gold,Terran
41,CN,2420,Gold,Terran
41,CN,2420,Gold,Terran
41,CN,2420,Gold,Zerg
41,CN,2420,Gold,Protoss
41,CN,2420,Gold,Protoss
41,CN,2420,Gold,Protoss
41,CN,2420,Gold,Terran
41,CN,2420,Gold,Zerg
41,CN,2420,Gold,Protoss
41,CN,2420,Gold,Random
41,CN,2420,Gold,Terran
41,CN,2420,Gold,Zerg
41,CN,2420,Gold,Terran
41,CN,2420,Gold,Terran
41,CN,2420,Gold,Zerg
41,CN,2420,Gold,Zerg
41,CN,2420,Gold,Terran
41,CN,2420,Gold,Protoss
41,CN,2420,Gold,Terran
41,CN,2420,Gold,Protoss
41,CN,2420,Gold,Terran
41,CN,2420,Gold,Protoss
41,CN,2420,Gold,Protoss
41,CN,2420,Gold,Protoss
41,CN,2420,Gold,Terran
41,CN,2420,Gold,Zerg
41,CN,2420,Gold,Protoss
41,CN,2420,Gold,Zerg
41,CN,2420,Gold,Zerg
41,CN,2420,Gold,Random
41,CN,2420,Gold,Terran
41,CN,2420,Gold,Protoss
41,CN,2420,Gold,Terran
41,CN,2420,Gold,Terran
41,CN,2420,Gold,Zerg
41,CN,2420,Gold,Protoss
41,CN,2420,Gold,Zerg
41,CN,2420,Gold,Zerg
41,CN,2420,Gold,Protoss
41,CN,2420,Gold,Protoss
41,CN,2420,Gold,Zerg
41,CN,2420,Gold,Zerg
41,CN,2420,Gold,Terran
41,CN,2419,Gold,Terran
41,CN,2419,Gold,Terran
41,CN,2419,Gold,Terran
41,CN,2419,Gold,Terran
41,CN,2419,Gold,Protoss
41,CN,2419,Gold,Terran
41,CN,2419,Gold,Terran
41,CN,2419,Gold,Zerg
41,CN,2419,Gold,Protoss
41,CN,2419,Gold,Protoss
41,CN,2419,Gold,Protoss
41,CN,2419,Gold,Protoss
41,CN,2419,Gold,Protoss
41,CN,2419,Gold,Protoss
41,CN,2419,Gold,Protoss
41,CN,2419,Gold,Protoss
41,CN,2419,Gold,Terran
41,CN,2419,Gold,Protoss
41,CN,2419,Gold,Protoss
41,CN,2419,Gold,Zerg
41,CN,2419,Gold,Protoss
41,CN,2419,Gold,Zerg
41,CN,2419,Gold,Protoss
41,CN,2419,Gold,Zerg
41,CN,2419,Gold,Terran
41,CN,2419,Gold,Protoss
41,CN,2419,Gold,Protoss
41,CN,2419,Gold,Protoss
41,CN,2419,Gold,Protoss
41,CN,2419,Gold,Protoss
41,CN,2419,Gold,Zerg
41,CN,2419,Gold,Protoss
41,CN,2419,Gold,Protoss
41,CN,2419,Gold,Zerg
41,CN,2419,Gold,Terran
41,CN,2419,Gold,Protoss
41,CN,2419,Gold,Protoss
41,CN,2417,Gold,Zerg
41,CN,2417,Gold,Zerg
41,CN,2417,Gold,Zerg
41,CN,2417,Gold,Zerg
41,CN,2417,Gold,Terran
41,CN,2417,Gold,Zerg
41,CN,2417,Gold,Protoss
41,CN,2417,Gold,Zerg
41,CN,2417,Gold,Protoss
41,CN,2417,Gold,Zerg
41,CN,2417,Gold,Terran
41,CN,2417,Gold,Protoss
41,CN,2417,Gold,Zerg
41,CN,2417,Gold,Protoss
41,CN,2417,Gold,Protoss
41,CN,2417,Gold,Terran
41,CN,2417,Gold,Terran
41,CN,2417,Gold,Protoss
41,CN,2417,Gold,Protoss
41,CN,2417,Gold,Zerg
41,CN,2417,Gold,Protoss
41,CN,2417,Gold,Terran
41,CN,2417,Gold,Protoss
41,CN,2417,Gold,Terran
41,CN,2417,Gold,Terran
41,CN,2417,Gold,Zerg
41,CN,2417,Gold,Random
41,CN,2417,Gold,Terran
41,CN,2417,Gold,Terran
41,CN,2417,Gold,Terran
41,CN,2417,Gold,Protoss
41,CN,2417,Gold,Zerg
41,CN,2417,Gold,Terran
41,CN,2417,Gold,Terran
41,CN,2417,Gold,Terran
41,CN,2417,Gold,Terran
41,CN,2417,Gold,Terran
41,CN,2417,Gold,Protoss
41,CN,2417,Gold,Zerg
41,CN,2417,Gold,Protoss
41,CN,2417,Gold,Protoss
41,CN,2417,Gold,Protoss
41,CN,2417,Gold,Protoss
41,CN,2417,Gold,Terran
41,CN,2417,Gold,Terran
41,CN,2417,Gold,Terran
41,CN,2417,Gold,Terran
41,CN,2417,Gold,Protoss
41,CN,2417,Gold,Terran
41,CN,2417,Gold,Random
41,CN,2417,Gold,Zerg
41,CN,2417,Gold,Terran
41,CN,2417,Gold,Protoss
41,CN,2417,Gold,Protoss
41,CN,2417,Gold,Protoss
41,CN,2417,Gold,Terran
41,CN,2416,Gold,Protoss
41,CN,2416,Gold,Random
41,CN,2416,Gold,Terran
41,CN,2416,Gold,Terran
41,CN,2416,Gold,Protoss
41,CN,2416,Gold,Protoss
41,CN,2416,Gold,Zerg
41,CN,2416,Gold,Terran
41,CN,2416,Gold,Protoss
41,CN,2416,Gold,Zerg
41,CN,2416,Gold,Random
41,CN,2416,Gold,Zerg
41,CN,2416,Gold,Zerg
41,CN,2416,Gold,Zerg
41,CN,2416,Gold,Protoss
41,CN,2416,Gold,Protoss
41,CN,2416,Gold,Terran
41,CN,2416,Gold,Protoss
41,CN,2416,Gold,Protoss
41,CN,2416,Gold,Protoss
41,CN,2416,Gold,Zerg
41,CN,2416,Gold,Terran
41,CN,2416,Gold,Terran
41,CN,2416,Gold,Terran
41,CN,2416,Gold,Terran
41,CN,2416,Gold,Terran
41,CN,2416,Gold,Zerg
41,CN,2416,Gold,Protoss
41,CN,2416,Gold,Protoss
41,CN,2416,Gold,Terran
41,CN,2416,Gold,Terran
41,CN,2416,Gold,Random
41,CN,2416,Gold,Protoss
41,CN,2416,Gold,Terran
41,CN,2416,Gold,Terran
41,CN,2416,Gold,Terran
41,CN,2416,Gold,Protoss
41,CN,2416,Gold,Zerg
41,CN,2416,Gold,Protoss
41,CN,2416,Gold,Protoss
41,CN,2416,Gold,Zerg
41,CN,2416,Gold,Protoss
41,CN,2416,Gold,Protoss
41,CN,2416,Gold,Zerg
41,CN,2414,Gold,Protoss
41,CN,2414,Gold,Zerg
41,CN,2414,Gold,Terran
41,CN,2414,Gold,Terran
41,CN,2414,Gold,Zerg
41,CN,2414,Gold,Terran
41,CN,2414,Gold,Random
41,CN,2414,Gold,Protoss
41,CN,2414,Gold,Protoss
41,CN,2414,Gold,Terran
41,CN,2414,Gold,Zerg
41,CN,2414,Gold,Terran
41,CN,2414,Gold,Protoss
41,CN,2414,Gold,Terran
41,CN,2414,Gold,Protoss
41,CN,2414,Gold,Protoss
41,CN,2414,Gold,Protoss
41,CN,2414,Gold,Terran
41,CN,2414,Gold,Protoss
41,CN,2414,Gold,Protoss
41,CN,2414,Gold,Terran
41,CN,2414,Gold,Random
41,CN,2414,Gold,Terran
41,CN,2414,Gold,Terran
41,CN,2414,Gold,Terran
41,CN,2414,Gold,Random
41,CN,2414,Gold,Terran
41,CN,2414,Gold,Zerg
41,CN,2414,Gold,Terran
41,CN,2414,Gold,Zerg
41,CN,2414,Gold,Terran
41,CN,2414,Gold,Protoss
41,CN,2414,Gold,Zerg
41,CN,2414,Gold,Random
41,CN,2414,Gold,Zerg
41,CN,2414,Gold,Protoss
41,CN,2414,Gold,Zerg
41,CN,2414,Gold,Zerg
41,CN,2414,Gold,Zerg
41,CN,2414,Gold,Protoss
41,CN,2414,Gold,Protoss
41,CN,2414,Gold,Terran
41,CN,2414,Gold,Terran
41,CN,2414,Gold,Zerg
41,CN,2414,Gold,Terran
41,CN,2414,Gold,Terran
41,CN,2414,Gold,Protoss
41,CN,2414,Gold,Protoss
41,CN,2414,Gold,Terran
41,CN,2414,Gold,Terran
41,CN,2414,Gold,Protoss
41,CN,2413,Gold,Terran
41,CN,2413,Gold,Terran
41,CN,2413,Gold,Zerg
41,CN,2413,Gold,Protoss
41,CN,2413,Gold,Zerg
41,CN,2413,Gold,Zerg
41,CN,2413,Gold,Zerg
41,CN,2413,Gold,Terran
41,CN,2413,Gold,Zerg
41,CN,2413,Gold,Terran
41,CN,2413,Gold,Terran
41,CN,2413,Gold,Zerg
41,CN,2413,Gold,Protoss
41,CN,2413,Gold,Protoss
41,CN,2413,Gold,Protoss
41,CN,2413,Gold,Random
41,CN,2413,Gold,Terran
41,CN,2413,Gold,Protoss
41,CN,2413,Gold,Terran
41,CN,2413,Gold,Protoss
41,CN,2413,Gold,Zerg
41,CN,2413,Gold,Protoss
41,CN,2413,Gold,Protoss
41,CN,2413,Gold,Terran
41,CN,2413,Gold,Protoss
41,CN,2413,Gold,Terran
41,CN,2413,Gold,Terran
41,CN,2413,Gold,Protoss
41,CN,2413,Gold,Zerg
41,CN,2413,Gold,Protoss
41,CN,2413,Gold,Terran
41,CN,2413,Gold,Terran
41,CN,2413,Gold,Terran
41,CN,2413,Gold,Terran
41,CN,2413,Gold,Protoss
41,CN,2413,Gold,Zerg
41,CN,2413,Gold,Terran
41,CN,2413,Gold,Protoss
41,CN,2413,Gold,Terran
41,CN,2413,Gold,Protoss
41,CN,2413,Gold,Protoss
41,CN,2413,Gold,Protoss
41,CN,2413,Gold,Random
41,CN,2413,Gold,Terran
41,CN,2413,Gold,Protoss
41,CN,2413,Gold,Random
41,CN,2413,Gold,Terran
41,CN,2413,Gold,Terran
41,CN,2413,Gold,Terran
41,CN,2411,Gold,Terran
41,CN,2411,Gold,Terran
41,CN,2411,Gold,Zerg
41,CN,2411,Gold,Terran
41,CN,2411,Gold,Terran
41,CN,2411,Gold,Protoss
41,CN,2411,Gold,Protoss
41,CN,2411,Gold,Protoss
41,CN,2411,Gold,Protoss
41,CN,2411,Gold,Terran
41,CN,2411,Gold,Terran
41,CN,2411,Gold,Terran
41,CN,2411,Gold,Protoss
41,CN,2411,Gold,Zerg
41,CN,2411,Gold,Zerg
41,CN,2411,Gold,Terran
41,CN,2411,Gold,Zerg
41,CN,2411,Gold,Protoss
41,CN,2411,Gold,Terran
41,CN,2411,Gold,Protoss
41,CN,2411,Gold,Protoss
41,CN,2411,Gold,Protoss
41,CN,2411,Gold,Protoss
41,CN,2411,Gold,Protoss
41,CN,2411,Gold,Terran
41,CN,2411,Gold,Terran
41,CN,2411,Gold,Random
41,CN,2411,Gold,Terran
41,CN,2411,Gold,Protoss
41,CN,2411,Gold,Protoss
41,CN,2411,Gold,Terran
41,CN,2411,Gold,Protoss
41,CN,2411,Gold,Protoss
41,CN,2411,Gold,Terran
41,CN,2411,Gold,Protoss
41,CN,2411,Gold,Zerg
41,CN,2411,Gold,Terran
41,CN,2411,Gold,Random
41,CN,2411,Gold,Terran
41,CN,2411,Gold,Zerg
41,CN,2411,Gold,Zerg
41,CN,2411,Gold,Terran
41,CN,2411,Gold,Zerg
41,CN,2411,Gold,Protoss
41,CN,2411,Gold,Random
41,CN,2411,Gold,Protoss
41,CN,2411,Gold,Terran
41,CN,2411,Gold,Protoss
41,CN,2411,Gold,Terran
41,CN,2411,Gold,Protoss
41,CN,2411,Gold,Protoss
41,CN,2411,Gold,Protoss
41,CN,2411,Gold,Random
41,CN,2411,Gold,Random
41,CN,2411,Gold,Zerg
41,CN,2411,Gold,Protoss
41,CN,2411,Gold,Terran
41,CN,2411,Gold,Terran
41,CN,2411,Gold,Protoss
41,CN,2411,Gold,Protoss
41,CN,2411,Gold,Random
41,CN,2411,Gold,Protoss
41,CN,2411,Gold,Terran
41,CN,2411,Gold,Terran
41,CN,2411,Gold,Zerg
41,CN,2411,Gold,Zerg
41,CN,2410,Gold,Random
41,CN,2410,Gold,Protoss
41,CN,2410,Gold,Terran
41,CN,2410,Gold,Protoss
41,CN,2410,Gold,Zerg
41,CN,2410,Gold,Terran
41,CN,2410,Gold,Random
41,CN,2410,Gold,Terran
41,CN,2410,Gold,Terran
41,CN,2410,Gold,Terran
41,CN,2410,Gold,Protoss
41,CN,2410,Gold,Terran
41,CN,2410,Gold,Zerg
41,CN,2410,Gold,Protoss
41,CN,2410,Gold,Protoss
41,CN,2410,Gold,Zerg
41,CN,2410,Gold,Terran
41,CN,2410,Gold,Protoss
41,CN,2410,Gold,Random
41,CN,2410,Gold,Zerg
41,CN,2410,Gold,Protoss
41,CN,2410,Gold,Protoss
41,CN,2410,Gold,Terran
41,CN,2410,Gold,Protoss
41,CN,2410,Gold,Zerg
41,CN,2410,Gold,Zerg
41,CN,2410,Gold,Protoss
41,CN,2410,Gold,Zerg
41,CN,2410,Gold,Terran
41,CN,2410,Gold,Protoss
41,CN,2410,Gold,Protoss
41,CN,2410,Gold,Terran
41,CN,2410,Gold,Zerg
41,CN,2410,Gold,Protoss
41,CN,2408,Gold,Zerg
41,CN,2408,Gold,Zerg
41,CN,2408,Gold,Zerg
41,CN,2408,Gold,Terran
41,CN,2408,Gold,Zerg
41,CN,2408,Gold,Zerg
41,CN,2408,Gold,Protoss
41,CN,2408,Gold,Terran
41,CN,2408,Gold,Terran
41,CN,2408,Gold,Terran
41,CN,2408,Gold,Protoss
41,CN,2408,Gold,Terran
41,CN,2408,Gold,Protoss
41,CN,2408,Gold,Terran
41,CN,2408,Gold,Random
41,CN,2408,Gold,Zerg
41,CN,2408,Gold,Terran
41,CN,2408,Gold,Terran
41,CN,2408,Gold,Zerg
41,CN,2408,Gold,Terran
41,CN,2408,Gold,Protoss
41,CN,2408,Gold,Protoss
41,CN,2408,Gold,Zerg
41,CN,2408,Gold,Zerg
41,CN,2408,Gold,Zerg
41,CN,2408,Gold,Terran
41,CN,2408,Gold,Zerg
41,CN,2408,Gold,Terran
41,CN,2408,Gold,Random
41,CN,2408,Gold,Zerg
41,CN,2408,Gold,Protoss
41,CN,2408,Gold,Protoss
41,CN,2408,Gold,Protoss
41,CN,2408,Gold,Terran
41,CN,2408,Gold,Zerg
41,CN,2408,Gold,Terran
41,CN,2408,Gold,Protoss
41,CN,2408,Gold,Protoss
41,CN,2408,Gold,Protoss
41,CN,2408,Gold,Terran
41,CN,2408,Gold,Protoss
41,CN,2408,Gold,Protoss
41,CN,2408,Gold,Terran
41,CN,2408,Gold,Zerg
41,CN,2408,Gold,Protoss
41,CN,2408,Gold,Terran
41,CN,2408,Gold,Zerg
41,CN,2408,Gold,Protoss
41,CN,2408,Gold,Terran
41,CN,2408,Gold,Protoss
41,CN,2408,Gold,Zerg
41,CN,2408,Gold,Zerg
41,CN,2408,Gold,Zerg
41,CN,2407,Gold,Zerg
41,CN,2407,Gold,Protoss
41,CN,2407,Gold,Protoss
41,CN,2407,Gold,Terran
41,CN,2407,Gold,Zerg
41,CN,2407,Gold,Terran
41,CN,2407,Gold,Terran
41,CN,2407,Gold,Zerg
41,CN,2407,Gold,Terran
41,CN,2407,Gold,Protoss
41,CN,2407,Gold,Protoss
41,CN,2407,Gold,Protoss
41,CN,2407,Gold,Zerg
41,CN,2407,Gold,Terran
41,CN,2407,Gold,Terran
41,CN,2407,Gold,Protoss
41,CN,2407,Gold,Protoss
41,CN,2407,Gold,Zerg
41,CN,2407,Gold,Terran
41,CN,2407,Gold,Terran
41,CN,2407,Gold,Protoss
41,CN,2407,Gold,Protoss
41,CN,2407,Gold,Terran
41,CN,2407,Gold,Protoss
41,CN,2407,Gold,Zerg
41,CN,2407,Gold,Zerg
41,CN,2407,Gold,Terran
41,CN,2407,Gold,Protoss
41,CN,2407,Gold,Protoss
41,CN,2407,Gold,Terran
41,CN,2407,Gold,Protoss
41,CN,2407,Gold,Protoss
41,CN,2407,Gold,Protoss
41,CN,2407,Gold,Protoss
41,CN,2407,Gold,Terran
41,CN,2407,Gold,Protoss
41,CN,2407,Gold,Protoss
41,CN,2407,Gold,Zerg
41,CN,2407,Gold,Protoss
41,CN,2407,Gold,Random
41,CN,2407,Gold,Terran
41,CN,2407,Gold,Protoss
41,CN,2407,Gold,Terran
41,CN,2407,Gold,Protoss
41,CN,2407,Gold,Terran
41,CN,2407,Gold,Terran
41,CN,2407,Gold,Zerg
41,CN,2405,Gold,Terran
41,CN,2405,Gold,Terran
41,CN,2405,Gold,Random
41,CN,2405,Gold,Terran
41,CN,2405,Gold,Zerg
41,CN,2405,Gold,Protoss
41,CN,2405,Gold,Zerg
41,CN,2405,Gold,Terran
41,CN,2405,Gold,Terran
41,CN,2405,Gold,Terran
41,CN,2405,Gold,Random
41,CN,2405,Gold,Protoss
41,CN,2405,Gold,Zerg
41,CN,2405,Gold,Protoss
41,CN,2405,Gold,Terran
41,CN,2405,Gold,Terran
41,CN,2405,Gold,Zerg
41,CN,2405,Gold,Zerg
41,CN,2405,Gold,Zerg
41,CN,2405,Gold,Protoss
41,CN,2405,Gold,Protoss
41,CN,2405,Gold,Terran
41,CN,2405,Gold,Terran
41,CN,2405,Gold,Zerg
41,CN,2405,Gold,Protoss
41,CN,2405,Gold,Protoss
41,CN,2405,Gold,Terran
41,CN,2405,Gold,Terran
41,CN,2405,Gold,Zerg
41,CN,2405,Gold,Terran
41,CN,2405,Gold,Protoss
41,CN,2405,Gold,Protoss
41,CN,2405,Gold,Terran
41,CN,2405,Gold,Terran
41,CN,2405,Gold,Protoss
41,CN,2405,Gold,Protoss
41,CN,2405,Gold,Protoss
41,CN,2405,Gold,Protoss
41,CN,2405,Gold,Terran
41,CN,2405,Gold,Zerg
41,CN,2405,Gold,Zerg
41,CN,2405,Gold,Zerg
41,CN,2405,Gold,Zerg
41,CN,2405,Gold,Zerg
41,CN,2405,Gold,Zerg
41,CN,2405,Gold,Terran
41,CN,2405,Gold,Terran
41,CN,2405,Gold,Terran
41,CN,2405,Gold,Zerg
41,CN,2405,Gold,Protoss
41,CN,2405,Gold,Protoss
41,CN,2405,Gold,Random
41,CN,2405,Gold,Protoss
41,CN,2405,Gold,Protoss
41,CN,2405,Gold,Zerg
41,CN,2405,Gold,Protoss
41,CN,2405,Gold,Terran
41,CN,2404,Gold,Protoss
41,CN,2404,Gold,Terran
41,CN,2404,Gold,Random
41,CN,2404,Gold,Random
41,CN,2404,Gold,Terran
41,CN,2404,Gold,Protoss
41,CN,2404,Gold,Terran
41,CN,2404,Gold,Terran
41,CN,2404,Gold,Zerg
41,CN,2404,Gold,Terran
41,CN,2404,Gold,Terran
41,CN,2404,Gold,Zerg
41,CN,2404,Gold,Random
41,CN,2404,Gold,Protoss
41,CN,2404,Gold,Zerg
41,CN,2404,Gold,Protoss
41,CN,2404,Gold,Protoss
41,CN,2404,Gold,Protoss
41,CN,2404,Gold,Protoss
41,CN,2404,Gold,Zerg
41,CN,2404,Gold,Zerg
41,CN,2404,Gold,Random
41,CN,2404,Gold,Protoss
41,CN,2404,Gold,Protoss
41,CN,2404,Gold,Protoss
41,CN,2404,Gold,Zerg
41,CN,2404,Gold,Terran
41,CN,2404,Gold,Terran
41,CN,2404,Gold,Terran
41,CN,2404,Gold,Protoss
41,CN,2404,Gold,Terran
41,CN,2404,Gold,Protoss
41,CN,2404,Gold,Protoss
41,CN,2404,Gold,Protoss
41,CN,2404,Gold,Zerg
41,CN,2404,Gold,Protoss
41,CN,2404,Gold,Terran
41,CN,2404,Gold,Zerg
41,CN,2404,Gold,Zerg
41,CN,2404,Gold,Protoss
41,CN,2404,Gold,Protoss
41,CN,2404,Gold,Terran
41,CN,2404,Gold,Zerg
41,CN,2402,Gold,Zerg
41,CN,2402,Gold,Protoss
41,CN,2402,Gold,Terran
41,CN,2402,Gold,Zerg
41,CN,2402,Gold,Zerg
41,CN,2402,Gold,Protoss
41,CN,2402,Gold,Protoss
41,CN,2402,Gold,Zerg
41,CN,2402,Gold,Zerg
41,CN,2402,Gold,Random
41,CN,2402,Gold,Terran
41,CN,2402,Gold,Terran
41,CN,2402,Gold,Terran
41,CN,2402,Gold,Zerg
41,CN,2402,Gold,Protoss
41,CN,2402,Gold,Protoss
41,CN,2402,Gold,Terran
41,CN,2402,Gold,Protoss
41,CN,2402,Gold,Zerg
41,CN,2402,Gold,Zerg
41,CN,2402,Gold,Protoss
41,CN,2402,Gold,Protoss
41,CN,2402,Gold,Protoss
41,CN,2402,Gold,Protoss
41,CN,2402,Gold,Zerg
41,CN,2402,Gold,Zerg
41,CN,2402,Gold,Zerg
41,CN,2402,Gold,Terran
41,CN,2402,Gold,Protoss
41,CN,2402,Gold,Terran
41,CN,2402,Gold,Protoss
41,CN,2402,Gold,Protoss
41,CN,2402,Gold,Terran
41,CN,2402,Gold,Terran
41,CN,2402,Gold,Protoss
41,CN,2402,Gold,Protoss
41,CN,2402,Gold,Terran
41,CN,2402,Gold,Protoss
41,CN,2402,Gold,Terran
41,CN,2402,Gold,Protoss
41,CN,2402,Gold,Terran
41,CN,2402,Gold,Protoss
41,CN,2402,Gold,Protoss
41,CN,2402,Gold,Protoss
41,CN,2402,Gold,Terran
41,CN,2402,Gold,Terran
41,CN,2402,Gold,Protoss
41,CN,2402,Gold,Terran
41,CN,2402,Gold,Zerg
41,CN,2402,Gold,Protoss
41,CN,2402,Gold,Protoss
41,CN,2402,Gold,Protoss
41,CN,2402,Gold,Zerg
41,CN,2402,Gold,Protoss
41,CN,2402,Gold,Protoss
41,CN,2402,Gold,Protoss
41,CN,2402,Gold,Terran
41,CN,2402,Gold,Terran
41,CN,2402,Gold,Terran
41,CN,2402,Gold,Terran
41,CN,2402,Gold,Terran
41,CN,2402,Gold,Protoss
41,CN,2402,Gold,Protoss
41,CN,2402,Gold,Terran
41,CN,2402,Gold,Zerg
41,CN,2402,Gold,Terran
41,CN,2402,Gold,Terran
41,CN,2402,Gold,Zerg
41,CN,2402,Gold,Protoss
41,CN,2401,Gold,Zerg
41,CN,2401,Gold,Random
41,CN,2401,Gold,Terran
41,CN,2401,Gold,Protoss
41,CN,2401,Gold,Terran
41,CN,2401,Gold,Terran
41,CN,2401,Gold,Zerg
41,CN,2401,Gold,Protoss
41,CN,2401,Gold,Protoss
41,CN,2401,Gold,Protoss
41,CN,2401,Gold,Zerg
41,CN,2401,Gold,Protoss
41,CN,2401,Gold,Protoss
41,CN,2401,Gold,Protoss
41,CN,2401,Gold,Terran
41,CN,2401,Gold,Terran
41,CN,2401,Gold,Terran
41,CN,2401,Gold,Protoss
41,CN,2401,Gold,Zerg
41,CN,2401,Gold,Terran
41,CN,2401,Gold,Terran
41,CN,2401,Gold,Terran
41,CN,2401,Gold,Protoss
41,CN,2401,Gold,Terran
41,CN,2401,Gold,Random
41,CN,2401,Gold,Protoss
41,CN,2401,Gold,Terran
41,CN,2401,Gold,Protoss
41,CN,2401,Gold,Random
41,CN,2401,Gold,Terran
41,CN,2401,Gold,Protoss
41,CN,2399,Gold,Protoss
41,CN,2399,Gold,Terran
41,CN,2399,Gold,Terran
41,CN,2399,Gold,Terran
41,CN,2399,Gold,Zerg
41,CN,2399,Gold,Terran
41,CN,2399,Gold,Terran
41,CN,2399,Gold,Protoss
41,CN,2399,Gold,Protoss
41,CN,2399,Gold,Protoss
41,CN,2399,Gold,Protoss
41,CN,2399,Gold,Terran
41,CN,2399,Gold,Protoss
41,CN,2399,Gold,Terran
41,CN,2399,Gold,Protoss
41,CN,2399,Gold,Terran
41,CN,2399,Gold,Protoss
41,CN,2399,Gold,Zerg
41,CN,2399,Gold,Zerg
41,CN,2399,Gold,Protoss
41,CN,2399,Gold,Zerg
41,CN,2399,Gold,Zerg
41,CN,2399,Gold,Protoss
41,CN,2399,Gold,Zerg
41,CN,2399,Gold,Zerg
41,CN,2399,Gold,Terran
41,CN,2399,Gold,Terran
41,CN,2399,Gold,Random
41,CN,2399,Gold,Protoss
41,CN,2399,Gold,Terran
41,CN,2399,Gold,Terran
41,CN,2399,Gold,Protoss
41,CN,2399,Gold,Terran
41,CN,2399,Gold,Terran
41,CN,2399,Gold,Terran
41,CN,2399,Gold,Terran
41,CN,2399,Gold,Protoss
41,CN,2399,Gold,Protoss
41,CN,2399,Gold,Zerg
41,CN,2399,Gold,Protoss
41,CN,2399,Gold,Terran
41,CN,2399,Gold,Zerg
41,CN,2399,Gold,Terran
41,CN,2399,Gold,Protoss
41,CN,2399,Gold,Protoss
41,CN,2399,Gold,Zerg
41,CN,2399,Gold,Terran
41,CN,2399,Gold,Zerg
41,CN,2399,Gold,Protoss
41,CN,2399,Gold,Protoss
41,CN,2399,Gold,Protoss
41,CN,2399,Gold,Terran
41,CN,2399,Gold,Random
41,CN,2399,Gold,Protoss
41,CN,2399,Gold,Protoss
41,CN,2399,Gold,Terran
41,CN,2399,Gold,Terran
41,CN,2399,Gold,Protoss
41,CN,2399,Gold,Terran
41,CN,2399,Gold,Protoss
41,CN,2399,Gold,Terran
41,CN,2399,Gold,Terran
41,CN,2399,Gold,Zerg
41,CN,2399,Gold,Terran
41,CN,2399,Gold,Protoss
41,CN,2399,Gold,Protoss
41,CN,2399,Gold,Terran
41,CN,2399,Gold,Terran
41,CN,2399,Gold,Random
41,CN,2399,Gold,Terran
41,CN,2399,Gold,Terran
41,CN,2398,Gold,Protoss
41,CN,2398,Gold,Terran
41,CN,2398,Gold,Random
41,CN,2398,Gold,Protoss
41,CN,2398,Gold,Protoss
41,CN,2398,Gold,Terran
41,CN,2398,Gold,Protoss
41,CN,2398,Gold,Protoss
41,CN,2398,Gold,Terran
41,CN,2398,Gold,Terran
41,CN,2398,Gold,Terran
41,CN,2398,Gold,Terran
41,CN,2398,Gold,Terran
41,CN,2398,Gold,Protoss
41,CN,2398,Gold,Terran
41,CN,2398,Gold,Terran
41,CN,2398,Gold,Zerg
41,CN,2398,Gold,Zerg
41,CN,2398,Gold,Protoss
41,CN,2398,Gold,Protoss
41,CN,2398,Gold,Terran
41,CN,2398,Gold,Protoss
41,CN,2398,Gold,Protoss
41,CN,2398,Gold,Terran
41,CN,2398,Gold,Zerg
41,CN,2398,Gold,Zerg
41,CN,2398,Gold,Terran
41,CN,2398,Gold,Terran
41,CN,2398,Gold,Terran
41,CN,2396,Gold,Zerg
41,CN,2396,Gold,Protoss
41,CN,2396,Gold,Protoss
41,CN,2396,Gold,Zerg
41,CN,2396,Gold,Terran
41,CN,2396,Gold,Random
41,CN,2396,Gold,Protoss
41,CN,2396,Gold,Terran
41,CN,2396,Gold,Zerg
41,CN,2396,Gold,Zerg
41,CN,2396,Gold,Terran
41,CN,2396,Gold,Zerg
41,CN,2396,Gold,Protoss
41,CN,2396,Gold,Terran
41,CN,2396,Gold,Random
41,CN,2396,Gold,Protoss
41,CN,2396,Gold,Terran
41,CN,2396,Gold,Terran
41,CN,2396,Gold,Protoss
41,CN,2396,Gold,Protoss
41,CN,2396,Gold,Terran
41,CN,2396,Gold,Terran
41,CN,2396,Gold,Protoss
41,CN,2396,Gold,Terran
41,CN,2396,Gold,Protoss
41,CN,2396,Gold,Terran
41,CN,2396,Gold,Terran
41,CN,2396,Gold,Protoss
41,CN,2396,Gold,Protoss
41,CN,2396,Gold,Protoss
41,CN,2396,Gold,Zerg
41,CN,2396,Gold,Protoss
41,CN,2396,Gold,Protoss
41,CN,2396,Gold,Terran
41,CN,2396,Gold,Protoss
41,CN,2396,Gold,Random
41,CN,2396,Gold,Terran
41,CN,2396,Gold,Zerg
41,CN,2396,Gold,Terran
41,CN,2396,Gold,Zerg
41,CN,2396,Gold,Terran
41,CN,2396,Gold,Protoss
41,CN,2396,Gold,Random
41,CN,2396,Gold,Zerg
41,CN,2396,Gold,Terran
41,CN,2396,Gold,Protoss
41,CN,2396,Gold,Terran
41,CN,2396,Gold,Terran
41,CN,2396,Gold,Terran
41,CN,2396,Gold,Zerg
41,CN,2396,Gold,Terran
41,CN,2396,Gold,Protoss
41,CN,2396,Gold,Terran
41,CN,2396,Gold,Terran
41,CN,2396,Gold,Protoss
41,CN,2396,Gold,Random
41,CN,2395,Gold,Protoss
41,CN,2395,Gold,Terran
41,CN,2395,Gold,Random
41,CN,2395,Gold,Terran
41,CN,2395,Gold,Protoss
41,CN,2395,Gold,Zerg
41,CN,2395,Gold,Zerg
41,CN,2395,Gold,Terran
41,CN,2395,Gold,Protoss
41,CN,2395,Gold,Terran
41,CN,2395,Gold,Terran
41,CN,2395,Gold,Protoss
41,CN,2395,Gold,Protoss
41,CN,2395,Gold,Terran
41,CN,2395,Gold,Protoss
41,CN,2395,Gold,Protoss
41,CN,2395,Gold,Protoss
41,CN,2395,Gold,Protoss
41,CN,2395,Gold,Zerg
41,CN,2395,Gold,Protoss
41,CN,2395,Gold,Terran
41,CN,2395,Gold,Zerg
41,CN,2395,Gold,Terran
41,CN,2395,Gold,Protoss
41,CN,2395,Gold,Zerg
41,CN,2395,Gold,Terran
41,CN,2395,Gold,Terran
41,CN,2395,Gold,Protoss
41,CN,2395,Gold,Protoss
41,CN,2395,Gold,Terran
41,CN,2395,Gold,Random
41,CN,2395,Gold,Protoss
41,CN,2395,Gold,Protoss
41,CN,2395,Gold,Protoss
41,CN,2395,Gold,Protoss
41,CN,2395,Gold,Protoss
41,CN,2395,Gold,Terran
41,CN,2395,Gold,Zerg
41,CN,2395,Gold,Protoss
41,CN,2395,Gold,Zerg
41,CN,2395,Gold,Terran
41,CN,2395,Gold,Terran
41,CN,2395,Gold,Protoss
41,CN,2395,Gold,Protoss
41,CN,2393,Gold,Terran
41,CN,2393,Gold,Zerg
41,CN,2393,Gold,Zerg
41,CN,2393,Gold,Protoss
41,CN,2393,Gold,Protoss
41,CN,2393,Gold,Protoss
41,CN,2393,Gold,Terran
41,CN,2393,Gold,Terran
41,CN,2393,Gold,Terran
41,CN,2393,Gold,Zerg
41,CN,2393,Gold,Zerg
41,CN,2393,Gold,Protoss
41,CN,2393,Gold,Protoss
41,CN,2393,Gold,Protoss
41,CN,2393,Gold,Terran
41,CN,2393,Gold,Protoss
41,CN,2393,Gold,Terran
41,CN,2393,Gold,Zerg
41,CN,2393,Gold,Zerg
41,CN,2393,Gold,Protoss
41,CN,2393,Gold,Protoss
41,CN,2393,Gold,Zerg
41,CN,2393,Gold,Zerg
41,CN,2393,Gold,Protoss
41,CN,2393,Gold,Terran
41,CN,2393,Gold,Protoss
41,CN,2393,Gold,Terran
41,CN,2393,Gold,Terran
41,CN,2393,Gold,Protoss
41,CN,2393,Gold,Protoss
41,CN,2393,Gold,Protoss
41,CN,2393,Gold,Terran
41,CN,2393,Gold,Protoss
41,CN,2393,Gold,Random
41,CN,2393,Gold,Terran
41,CN,2393,Gold,Protoss
41,CN,2393,Gold,Protoss
41,CN,2393,Gold,Protoss
41,CN,2393,Gold,Zerg
41,CN,2393,Gold,Protoss
41,CN,2393,Gold,Protoss
41,CN,2393,Gold,Protoss
41,CN,2393,Gold,Zerg
41,CN,2393,Gold,Protoss
41,CN,2393,Gold,Terran
41,CN,2393,Gold,Terran
41,CN,2393,Gold,Zerg
41,CN,2393,Gold,Protoss
41,CN,2393,Gold,Terran
41,CN,2393,Gold,Zerg
41,CN,2393,Gold,Random
41,CN,2393,Gold,Terran
41,CN,2393,Gold,Zerg
41,CN,2393,Gold,Terran
41,CN,2393,Gold,Zerg
41,CN,2393,Gold,Zerg
41,CN,2393,Gold,Protoss
41,CN,2393,Gold,Protoss
41,CN,2393,Gold,Zerg
41,CN,2393,Gold,Protoss
41,CN,2393,Gold,Terran
41,CN,2393,Gold,Terran
41,CN,2393,Gold,Random
41,CN,2393,Gold,Random
41,CN,2393,Gold,Zerg
41,CN,2393,Gold,Protoss
41,CN,2393,Gold,Terran
41,CN,2393,Gold,Zerg
41,CN,2392,Gold,Random
41,CN,2392,Gold,Zerg
41,CN,2392,Gold,Zerg
41,CN,2392,Gold,Zerg
41,CN,2392,Gold,Protoss
41,CN,2392,Gold,Protoss
41,CN,2392,Gold,Random
41,CN,2392,Gold,Protoss
41,CN,2392,Gold,Protoss
41,CN,2392,Gold,Protoss
41,CN,2392,Gold,Zerg
41,CN,2392,Gold,Zerg
41,CN,2392,Gold,Terran
41,CN,2392,Gold,Protoss
41,CN,2392,Gold,Protoss
41,CN,2392,Gold,Terran
41,CN,2392,Gold,Terran
41,CN,2392,Gold,Protoss
41,CN,2392,Gold,Protoss
41,CN,2392,Gold,Protoss
41,CN,2392,Gold,Terran
41,CN,2392,Gold,Protoss
41,CN,2392,Gold,Terran
41,CN,2392,Gold,Terran
41,CN,2392,Gold,Zerg
41,CN,2392,Gold,Terran
41,CN,2392,Gold,Protoss
41,CN,2392,Gold,Protoss
41,CN,2392,Gold,Protoss
41,CN,2392,Gold,Terran
41,CN,2392,Gold,Zerg
41,CN,2392,Gold,Terran
41,CN,2390,Gold,Zerg
41,CN,2390,Gold,Terran
41,CN,2390,Gold,Protoss
41,CN,2390,Gold,Terran
41,CN,2390,Gold,Terran
41,CN,2390,Gold,Terran
41,CN,2390,Gold,Random
41,CN,2390,Gold,Terran
41,CN,2390,Gold,Terran
41,CN,2390,Gold,Terran
41,CN,2390,Gold,Terran
41,CN,2390,Gold,Terran
41,CN,2390,Gold,Terran
41,CN,2390,Gold,Terran
41,CN,2390,Gold,Terran
41,CN,2390,Gold,Zerg
41,CN,2390,Gold,Terran
41,CN,2390,Gold,Terran
41,CN,2390,Gold,Protoss
41,CN,2390,Gold,Zerg
41,CN,2390,Gold,Zerg
41,CN,2390,Gold,Terran
41,CN,2390,Gold,Terran
41,CN,2390,Gold,Terran
41,CN,2390,Gold,Terran
41,CN,2390,Gold,Zerg
41,CN,2390,Gold,Protoss
41,CN,2390,Gold,Terran
41,CN,2390,Gold,Terran
41,CN,2390,Gold,Protoss
41,CN,2390,Gold,Protoss
41,CN,2390,Gold,Protoss
41,CN,2390,Gold,Terran
41,CN,2390,Gold,Zerg
41,CN,2390,Gold,Terran
41,CN,2390,Gold,Terran
41,CN,2390,Gold,Terran
41,CN,2390,Gold,Protoss
41,CN,2390,Gold,Terran
41,CN,2390,Gold,Terran
41,CN,2390,Gold,Random
41,CN,2390,Gold,Protoss
41,CN,2390,Gold,Terran
41,CN,2390,Gold,Zerg
41,CN,2390,Gold,Terran
41,CN,2390,Gold,Protoss
41,CN,2390,Gold,Terran
41,CN,2390,Gold,Terran
41,CN,2390,Gold,Protoss
41,CN,2390,Gold,Protoss
41,CN,2390,Gold,Terran
41,CN,2390,Gold,Terran
41,CN,2390,Gold,Terran
41,CN,2390,Gold,Protoss
41,CN,2390,Gold,Zerg
41,CN,2390,Gold,Terran
41,CN,2390,Gold,Random
41,CN,2390,Gold,Protoss
41,CN,2390,Gold,Protoss
41,CN,2390,Gold,Protoss
41,CN,2390,Gold,Protoss
41,CN,2390,Gold,Terran
41,CN,2390,Gold,Terran
41,CN,2389,Gold,Zerg
41,CN,2389,Gold,Terran
41,CN,2389,Gold,Terran
41,CN,2389,Gold,Terran
41,CN,2389,Gold,Terran
41,CN,2389,Gold,Protoss
41,CN,2389,Gold,Protoss
41,CN,2389,Gold,Protoss
41,CN,2389,Gold,Random
41,CN,2389,Gold,Zerg
41,CN,2389,Gold,Terran
41,CN,2389,Gold,Terran
41,CN,2389,Gold,Protoss
41,CN,2389,Gold,Terran
41,CN,2389,Gold,Terran
41,CN,2389,Gold,Zerg
41,CN,2389,Gold,Terran
41,CN,2389,Gold,Terran
41,CN,2389,Gold,Protoss
41,CN,2389,Gold,Terran
41,CN,2389,Gold,Protoss
41,CN,2389,Gold,Protoss
41,CN,2389,Gold,Zerg
41,CN,2389,Gold,Protoss
41,CN,2389,Gold,Zerg
41,CN,2389,Gold,Terran
41,CN,2389,Gold,Protoss
41,CN,2389,Gold,Protoss
41,CN,2389,Gold,Zerg
41,CN,2389,Gold,Random
41,CN,2389,Gold,Protoss
41,CN,2389,Gold,Protoss
41,CN,2389,Gold,Terran
41,CN,2389,Gold,Terran
41,CN,2389,Gold,Terran
41,CN,2389,Gold,Terran
41,CN,2389,Gold,Protoss
41,CN,2387,Gold,Terran
41,CN,2387,Gold,Protoss
41,CN,2387,Gold,Terran
41,CN,2387,Gold,Protoss
41,CN,2387,Gold,Terran
41,CN,2387,Gold,Protoss
41,CN,2387,Gold,Protoss
41,CN,2387,Gold,Random
41,CN,2387,Gold,Terran
41,CN,2387,Gold,Terran
41,CN,2387,Gold,Zerg
41,CN,2387,Gold,Zerg
41,CN,2387,Gold,Terran
41,CN,2387,Gold,Zerg
41,CN,2387,Gold,Terran
41,CN,2387,Gold,Protoss
41,CN,2387,Gold,Protoss
41,CN,2387,Gold,Protoss
41,CN,2387,Gold,Zerg
41,CN,2387,Gold,Terran
41,CN,2387,Gold,Terran
41,CN,2387,Gold,Terran
41,CN,2387,Gold,Terran
41,CN,2387,Gold,Protoss
41,CN,2387,Gold,Zerg
41,CN,2387,Gold,Protoss
41,CN,2387,Gold,Protoss
41,CN,2387,Gold,Protoss
41,CN,2387,Gold,Terran
41,CN,2387,Gold,Terran
41,CN,2387,Gold,Protoss
41,CN,2387,Gold,Terran
41,CN,2387,Gold,Terran
41,CN,2387,Gold,Terran
41,CN,2387,Gold,Terran
41,CN,2387,Gold,Terran
41,CN,2387,Gold,Zerg
41,CN,2387,Gold,Terran
41,CN,2387,Gold,Zerg
41,CN,2387,Gold,Zerg
41,CN,2387,Gold,Terran
41,CN,2387,Gold,Random
41,CN,2387,Gold,Zerg
41,CN,2387,Gold,Terran
41,CN,2387,Gold,Protoss
41,CN,2387,Gold,Zerg
41,CN,2387,Gold,Zerg
41,CN,2387,Gold,Zerg
41,CN,2387,Gold,Protoss
41,CN,2387,Gold,Terran
41,CN,2386,Gold,Zerg
41,CN,2386,Gold,Terran
41,CN,2386,Gold,Zerg
41,CN,2386,Gold,Zerg
41,CN,2386,Gold,Zerg
41,CN,2386,Gold,Zerg
41,CN,2386,Gold,Random
41,CN,2386,Gold,Protoss
41,CN,2386,Gold,Zerg
41,CN,2386,Gold,Protoss
41,CN,2386,Gold,Terran
41,CN,2386,Gold,Random
41,CN,2386,Gold,Terran
41,CN,2386,Gold,Terran
41,CN,2386,Gold,Protoss
41,CN,2386,Gold,Terran
41,CN,2386,Gold,Terran
41,CN,2386,Gold,Zerg
41,CN,2386,Gold,Protoss
41,CN,2386,Gold,Terran
41,CN,2386,Gold,Terran
41,CN,2386,Gold,Terran
41,CN,2386,Gold,Terran
41,CN,2386,Gold,Protoss
41,CN,2386,Gold,Protoss
41,CN,2386,Gold,Protoss
41,CN,2386,Gold,Terran
41,CN,2386,Gold,Protoss
41,CN,2386,Gold,Terran
41,CN,2386,Gold,Terran
41,CN,2386,Gold,Protoss
41,CN,2386,Gold,Protoss
41,CN,2386,Gold,Terran
41,CN,2386,Gold,Zerg
41,CN,2386,Gold,Terran
41,CN,2386,Gold,Zerg
41,CN,2386,Gold,Terran
41,CN,2386,Gold,Protoss
41,CN,2386,Gold,Terran
41,CN,2386,Gold,Protoss
41,CN,2386,Gold,Terran
41,CN,2386,Gold,Protoss
41,CN,2386,Gold,Random
41,CN,2386,Gold,Terran
41,CN,2386,Gold,Zerg
41,CN,2386,Gold,Terran
41,CN,2386,Gold,Protoss
41,CN,2386,Gold,Protoss
41,CN,2386,Gold,Protoss
41,CN,2386,Gold,Terran
41,CN,2384,Gold,Terran
41,CN,2384,Gold,Protoss
41,CN,2384,Gold,Protoss
41,CN,2384,Gold,Protoss
41,CN,2384,Gold,Zerg
41,CN,2384,Gold,Terran
41,CN,2384,Gold,Zerg
41,CN,2384,Gold,Protoss
41,CN,2384,Gold,Protoss
41,CN,2384,Gold,Protoss
41,CN,2384,Gold,Zerg
41,CN,2384,Gold,Terran
41,CN,2384,Gold,Protoss
41,CN,2384,Gold,Terran
41,CN,2384,Gold,Protoss
41,CN,2384,Gold,Protoss
41,CN,2384,Gold,Protoss
41,CN,2384,Gold,Terran
41,CN,2384,Gold,Zerg
41,CN,2384,Gold,Protoss
41,CN,2384,Gold,Protoss
41,CN,2384,Gold,Protoss
41,CN,2384,Gold,Terran
41,CN,2384,Gold,Protoss
41,CN,2384,Gold,Terran
41,CN,2384,Gold,Zerg
41,CN,2384,Gold,Terran
41,CN,2384,Gold,Zerg
41,CN,2384,Gold,Protoss
41,CN,2384,Gold,Terran
41,CN,2384,Gold,Zerg
41,CN,2384,Gold,Terran
41,CN,2384,Gold,Protoss
41,CN,2384,Gold,Random
41,CN,2384,Gold,Zerg
41,CN,2384,Gold,Terran
41,CN,2384,Gold,Terran
41,CN,2384,Gold,Zerg
41,CN,2384,Gold,Protoss
41,CN,2384,Gold,Terran
41,CN,2384,Gold,Protoss
41,CN,2384,Gold,Terran
41,CN,2384,Gold,Zerg
41,CN,2384,Gold,Random
41,CN,2384,Gold,Zerg
41,CN,2384,Gold,Protoss
41,CN,2384,Gold,Terran
41,CN,2384,Gold,Zerg
41,CN,2384,Gold,Terran
41,CN,2384,Gold,Terran
41,CN,2384,Gold,Protoss
41,CN,2384,Gold,Terran
41,CN,2384,Gold,Protoss
41,CN,2384,Gold,Terran
41,CN,2384,Gold,Random
41,CN,2384,Gold,Protoss
41,CN,2384,Gold,Random
41,CN,2384,Gold,Terran
41,CN,2384,Gold,Terran
41,CN,2384,Gold,Terran
41,CN,2384,Gold,Random
41,CN,2384,Gold,Random
41,CN,2384,Gold,Terran
41,CN,2384,Gold,Protoss
41,CN,2384,Gold,Protoss
41,CN,2384,Gold,Zerg
41,CN,2384,Gold,Zerg
41,CN,2384,Gold,Protoss
41,CN,2384,Gold,Terran
41,CN,2384,Gold,Protoss
41,CN,2384,Gold,Terran
41,CN,2384,Gold,Protoss
41,CN,2383,Gold,Protoss
41,CN,2383,Gold,Protoss
41,CN,2383,Gold,Random
41,CN,2383,Gold,Protoss
41,CN,2383,Gold,Protoss
41,CN,2383,Gold,Terran
41,CN,2383,Gold,Zerg
41,CN,2383,Gold,Zerg
41,CN,2383,Gold,Protoss
41,CN,2383,Gold,Protoss
41,CN,2383,Gold,Protoss
41,CN,2383,Gold,Protoss
41,CN,2383,Gold,Zerg
41,CN,2383,Gold,Zerg
41,CN,2383,Gold,Terran
41,CN,2383,Gold,Terran
41,CN,2383,Gold,Zerg
41,CN,2383,Gold,Protoss
41,CN,2383,Gold,Terran
41,CN,2383,Gold,Protoss
41,CN,2383,Gold,Terran
41,CN,2383,Gold,Protoss
41,CN,2383,Gold,Terran
41,CN,2383,Gold,Zerg
41,CN,2383,Gold,Zerg
41,CN,2383,Gold,Terran
41,CN,2383,Gold,Zerg
41,CN,2383,Gold,Zerg
41,CN,2381,Gold,Terran
41,CN,2381,Gold,Protoss
41,CN,2381,Gold,Terran
41,CN,2381,Gold,Protoss
41,CN,2381,Gold,Protoss
41,CN,2381,Gold,Protoss
41,CN,2381,Gold,Protoss
41,CN,2381,Gold,Protoss
41,CN,2381,Gold,Zerg
41,CN,2381,Gold,Terran
41,CN,2381,Gold,Protoss
41,CN,2381,Gold,Terran
41,CN,2381,Gold,Terran
41,CN,2381,Gold,Terran
41,CN,2381,Gold,Random
41,CN,2381,Gold,Protoss
41,CN,2381,Gold,Terran
41,CN,2381,Gold,Terran
41,CN,2381,Gold,Zerg
41,CN,2381,Gold,Zerg
41,CN,2381,Gold,Terran
41,CN,2381,Gold,Terran
41,CN,2381,Gold,Terran
41,CN,2381,Gold,Protoss
41,CN,2381,Gold,Protoss
41,CN,2381,Gold,Terran
41,CN,2381,Gold,Protoss
41,CN,2381,Gold,Protoss
41,CN,2381,Gold,Protoss
41,CN,2381,Gold,Protoss
41,CN,2381,Gold,Terran
41,CN,2381,Gold,Protoss
41,CN,2381,Gold,Protoss
41,CN,2381,Gold,Terran
41,CN,2381,Gold,Protoss
41,CN,2381,Gold,Zerg
41,CN,2381,Gold,Terran
41,CN,2381,Gold,Terran
41,CN,2381,Gold,Protoss
41,CN,2381,Gold,Terran
41,CN,2381,Gold,Terran
41,CN,2381,Gold,Terran
41,CN,2381,Gold,Protoss
41,CN,2381,Gold,Terran
41,CN,2381,Gold,Protoss
41,CN,2381,Gold,Protoss
41,CN,2381,Gold,Protoss
41,CN,2381,Gold,Terran
41,CN,2381,Gold,Protoss
41,CN,2381,Gold,Terran
41,CN,2381,Gold,Terran
41,CN,2381,Gold,Protoss
41,CN,2381,Gold,Terran
41,CN,2381,Gold,Protoss
41,CN,2381,Gold,Terran
41,CN,2381,Gold,Terran
41,CN,2381,Gold,Protoss
41,CN,2381,Gold,Protoss
41,CN,2381,Gold,Protoss
41,CN,2381,Gold,Zerg
41,CN,2381,Gold,Zerg
41,CN,2381,Gold,Zerg
41,CN,2381,Gold,Terran
41,CN,2380,Gold,Terran
41,CN,2380,Gold,Terran
41,CN,2380,Gold,Terran
41,CN,2380,Gold,Terran
41,CN,2380,Gold,Protoss
41,CN,2380,Gold,Zerg
41,CN,2380,Gold,Zerg
41,CN,2380,Gold,Terran
41,CN,2380,Gold,Zerg
41,CN,2380,Gold,Zerg
41,CN,2380,Gold,Zerg
41,CN,2380,Gold,Zerg
41,CN,2380,Gold,Protoss
41,CN,2380,Gold,Terran
41,CN,2380,Gold,Terran
41,CN,2380,Gold,Protoss
41,CN,2380,Gold,Terran
41,CN,2380,Gold,Terran
41,CN,2380,Gold,Terran
41,CN,2380,Gold,Random
41,CN,2380,Gold,Protoss
41,CN,2380,Gold,Random
41,CN,2380,Gold,Random
41,CN,2380,Gold,Protoss
41,CN,2380,Gold,Terran
41,CN,2380,Gold,Terran
41,CN,2380,Gold,Protoss
41,CN,2380,Gold,Protoss
41,CN,2380,Gold,Zerg
41,CN,2380,Gold,Protoss
41,CN,2380,Gold,Zerg
41,CN,2380,Gold,Protoss
41,CN,2380,Gold,Terran
41,CN,2380,Gold,Protoss
41,CN,2380,Gold,Protoss
41,CN,2380,Gold,Terran
41,CN,2380,Gold,Terran
41,CN,2378,Gold,Terran
41,CN,2378,Gold,Protoss
41,CN,2378,Gold,Terran
41,CN,2378,Gold,Protoss
41,CN,2378,Gold,Protoss
41,CN,2378,Gold,Protoss
41,CN,2378,Gold,Terran
41,CN,2378,Gold,Protoss
41,CN,2378,Gold,Terran
41,CN,2378,Gold,Zerg
41,CN,2378,Gold,Protoss
41,CN,2378,Gold,Zerg
41,CN,2378,Gold,Protoss
41,CN,2378,Gold,Random
41,CN,2378,Gold,Protoss
41,CN,2378,Gold,Zerg
41,CN,2378,Gold,Protoss
41,CN,2378,Gold,Protoss
41,CN,2378,Gold,Zerg
41,CN,2378,Gold,Zerg
41,CN,2378,Gold,Zerg
41,CN,2378,Gold,Protoss
41,CN,2378,Gold,Terran
41,CN,2378,Gold,Protoss
41,CN,2378,Gold,Zerg
41,CN,2378,Gold,Terran
41,CN,2378,Gold,Protoss
41,CN,2378,Gold,Terran
41,CN,2378,Gold,Protoss
41,CN,2378,Gold,Random
41,CN,2378,Gold,Terran
41,CN,2378,Gold,Terran
41,CN,2378,Gold,Zerg
41,CN,2378,Gold,Protoss
41,CN,2378,Gold,Terran
41,CN,2378,Gold,Terran
41,CN,2378,Gold,Protoss
41,CN,2378,Gold,Zerg
41,CN,2378,Gold,Terran
41,CN,2378,Gold,Zerg
41,CN,2378,Gold,Protoss
41,CN,2378,Gold,Zerg
41,CN,2378,Gold,Protoss
41,CN,2378,Gold,Protoss
41,CN,2378,Gold,Protoss
41,CN,2378,Gold,Terran
41,CN,2378,Gold,Protoss
41,CN,2377,Gold,Protoss
41,CN,2377,Gold,Random
41,CN,2377,Gold,Terran
41,CN,2377,Gold,Protoss
41,CN,2377,Gold,Protoss
41,CN,2377,Gold,Zerg
41,CN,2377,Gold,Protoss
41,CN,2377,Gold,Zerg
41,CN,2377,Gold,Zerg
41,CN,2377,Gold,Protoss
41,CN,2377,Gold,Zerg
41,CN,2377,Gold,Zerg
41,CN,2377,Gold,Random
41,CN,2377,Gold,Protoss
41,CN,2377,Gold,Random
41,CN,2377,Gold,Protoss
41,CN,2377,Gold,Protoss
41,CN,2377,Gold,Protoss
41,CN,2377,Gold,Protoss
41,CN,2377,Gold,Protoss
41,CN,2377,Gold,Protoss
41,CN,2377,Gold,Terran
41,CN,2377,Gold,Terran
41,CN,2377,Gold,Terran
41,CN,2377,Gold,Protoss
41,CN,2377,Gold,Random
41,CN,2377,Gold,Protoss
41,CN,2377,Gold,Protoss
41,CN,2377,Gold,Zerg
41,CN,2377,Gold,Terran
41,CN,2377,Gold,Terran
41,CN,2377,Gold,Terran
41,CN,2377,Gold,Zerg
41,CN,2377,Gold,Zerg
41,CN,2377,Gold,Zerg
41,CN,2377,Gold,Terran
41,CN,2377,Gold,Terran
41,CN,2377,Gold,Zerg
41,CN,2377,Gold,Terran
41,CN,2377,Gold,Zerg
41,CN,2377,Gold,Terran
41,CN,2377,Gold,Terran
41,CN,2377,Gold,Terran
41,CN,2377,Gold,Protoss
41,CN,2377,Gold,Terran
41,CN,2377,Gold,Zerg
41,CN,2377,Gold,Protoss
41,CN,2377,Gold,Terran
41,CN,2377,Gold,Terran
41,CN,2377,Gold,Terran
41,CN,2377,Gold,Protoss
41,CN,2377,Gold,Protoss
41,CN,2377,Gold,Terran
41,CN,2375,Gold,Terran
41,CN,2375,Gold,Protoss
41,CN,2375,Gold,Protoss
41,CN,2375,Gold,Terran
41,CN,2375,Gold,Protoss
41,CN,2375,Gold,Zerg
41,CN,2375,Gold,Terran
41,CN,2375,Gold,Terran
41,CN,2375,Gold,Terran
41,CN,2375,Gold,Protoss
41,CN,2375,Gold,Protoss
41,CN,2375,Gold,Zerg
41,CN,2375,Gold,Random
41,CN,2375,Gold,Protoss
41,CN,2375,Gold,Terran
41,CN,2375,Gold,Protoss
41,CN,2375,Gold,Terran
41,CN,2375,Gold,Zerg
41,CN,2375,Gold,Terran
41,CN,2375,Gold,Protoss
41,CN,2375,Gold,Protoss
41,CN,2375,Gold,Random
41,CN,2375,Gold,Protoss
41,CN,2375,Gold,Terran
41,CN,2375,Gold,Protoss
41,CN,2375,Gold,Protoss
41,CN,2375,Gold,Zerg
41,CN,2375,Gold,Terran
41,CN,2375,Gold,Protoss
41,CN,2375,Gold,Protoss
41,CN,2375,Gold,Terran
41,CN,2375,Gold,Terran
41,CN,2375,Gold,Protoss
41,CN,2375,Gold,Protoss
41,CN,2375,Gold,Terran
41,CN,2375,Gold,Protoss
41,CN,2375,Gold,Terran
41,CN,2375,Gold,Zerg
41,CN,2375,Gold,Protoss
41,CN,2375,Gold,Zerg
41,CN,2375,Gold,Protoss
41,CN,2375,Gold,Protoss
41,CN,2375,Gold,Protoss
41,CN,2375,Gold,Protoss
41,CN,2375,Gold,Zerg
41,CN,2375,Gold,Terran
41,CN,2375,Gold,Protoss
41,CN,2375,Gold,Terran
41,CN,2375,Gold,Terran
41,CN,2375,Gold,Protoss
41,CN,2375,Gold,Terran
41,CN,2375,Gold,Terran
41,CN,2375,Gold,Terran
41,CN,2375,Gold,Protoss
41,CN,2375,Gold,Zerg
41,CN,2375,Gold,Protoss
41,CN,2375,Gold,Zerg
41,CN,2375,Gold,Terran
41,CN,2375,Gold,Protoss
41,CN,2375,Gold,Terran
41,CN,2375,Gold,Zerg
41,CN,2375,Gold,Terran
41,CN,2375,Gold,Protoss
41,CN,2375,Gold,Protoss
41,CN,2375,Gold,Zerg
41,CN,2375,Gold,Zerg
41,CN,2375,Gold,Terran
41,CN,2374,Gold,Zerg
41,CN,2374,Gold,Terran
41,CN,2374,Gold,Zerg
41,CN,2374,Gold,Terran
41,CN,2374,Gold,Protoss
41,CN,2374,Gold,Protoss
41,CN,2374,Gold,Protoss
41,CN,2374,Gold,Terran
41,CN,2374,Gold,Protoss
41,CN,2374,Gold,Terran
41,CN,2374,Gold,Zerg
41,CN,2374,Gold,Terran
41,CN,2374,Gold,Terran
41,CN,2374,Gold,Protoss
41,CN,2374,Gold,Zerg
41,CN,2374,Gold,Random
41,CN,2374,Gold,Zerg
41,CN,2374,Gold,Terran
41,CN,2374,Gold,Protoss
41,CN,2374,Gold,Terran
41,CN,2374,Gold,Terran
41,CN,2374,Gold,Protoss
41,CN,2374,Gold,Zerg
41,CN,2374,Gold,Terran
41,CN,2374,Gold,Protoss
41,CN,2374,Gold,Protoss
41,CN,2374,Gold,Protoss
41,CN,2374,Gold,Terran
41,CN,2374,Gold,Protoss
41,CN,2374,Gold,Zerg
41,CN,2374,Gold,Protoss
41,CN,2374,Gold,Terran
41,CN,2374,Gold,Protoss
41,CN,2372,Gold,Random
41,CN,2372,Gold,Protoss
41,CN,2372,Gold,Zerg
41,CN,2372,Gold,Zerg
41,CN,2372,Gold,Zerg
41,CN,2372,Gold,Protoss
41,CN,2372,Gold,Terran
41,CN,2372,Gold,Protoss
41,CN,2372,Gold,Terran
41,CN,2372,Gold,Zerg
41,CN,2372,Gold,Protoss
41,CN,2372,Gold,Terran
41,CN,2372,Gold,Terran
41,CN,2372,Gold,Terran
41,CN,2372,Gold,Terran
41,CN,2372,Gold,Terran
41,CN,2372,Gold,Protoss
41,CN,2372,Gold,Terran
41,CN,2372,Gold,Zerg
41,CN,2372,Gold,Terran
41,CN,2372,Gold,Protoss
41,CN,2372,Gold,Protoss
41,CN,2372,Gold,Protoss
41,CN,2372,Gold,Protoss
41,CN,2372,Gold,Random
41,CN,2372,Gold,Terran
41,CN,2372,Gold,Protoss
41,CN,2372,Gold,Terran
41,CN,2372,Gold,Protoss
41,CN,2372,Gold,Protoss
41,CN,2372,Gold,Terran
41,CN,2372,Gold,Random
41,CN,2372,Gold,Protoss
41,CN,2372,Gold,Protoss
41,CN,2372,Gold,Protoss
41,CN,2372,Gold,Protoss
41,CN,2372,Gold,Zerg
41,CN,2372,Gold,Terran
41,CN,2372,Gold,Protoss
41,CN,2372,Gold,Terran
41,CN,2372,Gold,Terran
41,CN,2372,Gold,Protoss
41,CN,2372,Gold,Terran
41,CN,2372,Gold,Terran
41,CN,2372,Gold,Terran
41,CN,2372,Gold,Terran
41,CN,2372,Gold,Terran
41,CN,2372,Gold,Protoss
41,CN,2372,Gold,Protoss
41,CN,2372,Gold,Terran
41,CN,2372,Gold,Terran
41,CN,2372,Gold,Zerg
41,CN,2372,Gold,Terran
41,CN,2372,Gold,Terran
41,CN,2372,Gold,Protoss
41,CN,2372,Gold,Protoss
41,CN,2372,Gold,Zerg
41,CN,2372,Gold,Terran
41,CN,2372,Gold,Protoss
41,CN,2372,Gold,Protoss
41,CN,2372,Gold,Terran
41,CN,2372,Gold,Zerg
41,CN,2372,Gold,Terran
41,CN,2372,Gold,Protoss
41,CN,2372,Gold,Terran
41,CN,2372,Gold,Zerg
41,CN,2372,Gold,Protoss
41,CN,2372,Gold,Terran
41,CN,2372,Gold,Protoss
41,CN,2372,Gold,Terran
41,CN,2372,Gold,Terran
41,CN,2372,Gold,Terran
41,CN,2372,Gold,Protoss
41,CN,2372,Gold,Protoss
41,CN,2371,Gold,Zerg
41,CN,2371,Gold,Protoss
41,CN,2371,Gold,Protoss
41,CN,2371,Gold,Terran
41,CN,2371,Gold,Terran
41,CN,2371,Gold,Protoss
41,CN,2371,Gold,Protoss
41,CN,2371,Gold,Terran
41,CN,2371,Gold,Protoss
41,CN,2371,Gold,Zerg
41,CN,2371,Gold,Terran
41,CN,2371,Gold,Terran
41,CN,2371,Gold,Terran
41,CN,2371,Gold,Protoss
41,CN,2371,Gold,Zerg
41,CN,2371,Gold,Terran
41,CN,2371,Gold,Terran
41,CN,2371,Gold,Terran
41,CN,2371,Gold,Protoss
41,CN,2371,Gold,Protoss
41,CN,2371,Gold,Zerg
41,CN,2371,Gold,Terran
41,CN,2371,Gold,Zerg
41,CN,2371,Gold,Protoss
41,CN,2371,Gold,Protoss
41,CN,2371,Gold,Protoss
41,CN,2369,Gold,Terran
41,CN,2369,Gold,Zerg
41,CN,2369,Gold,Protoss
41,CN,2369,Gold,Terran
41,CN,2369,Gold,Terran
41,CN,2369,Gold,Zerg
41,CN,2369,Gold,Terran
41,CN,2369,Gold,Protoss
41,CN,2369,Gold,Terran
41,CN,2369,Gold,Protoss
41,CN,2369,Gold,Zerg
41,CN,2369,Gold,Protoss
41,CN,2369,Gold,Protoss
41,CN,2369,Gold,Terran
41,CN,2369,Gold,Zerg
41,CN,2369,Gold,Protoss
41,CN,2369,Gold,Terran
41,CN,2369,Gold,Protoss
41,CN,2369,Gold,Terran
41,CN,2369,Gold,Terran
41,CN,2369,Gold,Terran
41,CN,2369,Gold,Zerg
41,CN,2369,Gold,Protoss
41,CN,2369,Gold,Protoss
41,CN,2369,Gold,Zerg
41,CN,2369,Gold,Zerg
41,CN,2369,Gold,Protoss
41,CN,2369,Gold,Terran
41,CN,2369,Gold,Protoss
41,CN,2369,Gold,Terran
41,CN,2369,Gold,Protoss
41,CN,2369,Gold,Zerg
41,CN,2369,Gold,Zerg
41,CN,2369,Gold,Protoss
41,CN,2369,Gold,Terran
41,CN,2369,Gold,Terran
41,CN,2369,Gold,Protoss
41,CN,2369,Gold,Protoss
41,CN,2369,Gold,Zerg
41,CN,2369,Gold,Zerg
41,CN,2369,Gold,Zerg
41,CN,2369,Gold,Terran
41,CN,2369,Gold,Protoss
41,CN,2369,Gold,Protoss
41,CN,2369,Gold,Terran
41,CN,2369,Gold,Terran
41,CN,2369,Gold,Zerg
41,CN,2369,Gold,Protoss
41,CN,2369,Gold,Terran
41,CN,2369,Gold,Terran
41,CN,2369,Gold,Terran
41,CN,2369,Gold,Random
41,CN,2369,Gold,Terran
41,CN,2369,Gold,Random
41,CN,2369,Gold,Protoss
41,CN,2369,Gold,Terran
41,CN,2369,Gold,Random
41,CN,2368,Gold,Random
41,CN,2368,Gold,Terran
41,CN,2368,Gold,Terran
41,CN,2368,Gold,Random
41,CN,2368,Gold,Protoss
41,CN,2368,Gold,Terran
41,CN,2368,Gold,Terran
41,CN,2368,Gold,Protoss
41,CN,2368,Gold,Protoss
41,CN,2368,Gold,Terran
41,CN,2368,Gold,Terran
41,CN,2368,Gold,Terran
41,CN,2368,Gold,Zerg
41,CN,2368,Gold,Terran
41,CN,2368,Gold,Terran
41,CN,2368,Gold,Terran
41,CN,2368,Gold,Protoss
41,CN,2368,Gold,Protoss
41,CN,2368,Gold,Protoss
41,CN,2368,Gold,Terran
41,CN,2368,Gold,Protoss
41,CN,2368,Gold,Zerg
41,CN,2368,Gold,Random
41,CN,2368,Gold,Protoss
41,CN,2368,Gold,Terran
41,CN,2368,Gold,Protoss
41,CN,2368,Gold,Terran
41,CN,2368,Gold,Terran
41,CN,2368,Gold,Terran
41,CN,2368,Gold,Terran
41,CN,2368,Gold,Terran
41,CN,2368,Gold,Terran
41,CN,2368,Gold,Protoss
41,CN,2368,Gold,Protoss
41,CN,2368,Gold,Terran
41,CN,2368,Gold,Zerg
41,CN,2368,Gold,Zerg
41,CN,2368,Gold,Zerg
41,CN,2368,Gold,Zerg
41,CN,2368,Gold,Protoss
41,CN,2368,Gold,Terran
41,CN,2368,Gold,Terran
41,CN,2368,Gold,Terran
41,CN,2366,Gold,Protoss
41,CN,2366,Gold,Protoss
41,CN,2366,Gold,Zerg
41,CN,2366,Gold,Terran
41,CN,2366,Gold,Terran
41,CN,2366,Gold,Zerg
41,CN,2366,Gold,Protoss
41,CN,2366,Gold,Terran
41,CN,2366,Gold,Terran
41,CN,2366,Gold,Zerg
41,CN,2366,Gold,Terran
41,CN,2366,Gold,Terran
41,CN,2366,Gold,Random
41,CN,2366,Gold,Protoss
41,CN,2366,Gold,Protoss
41,CN,2366,Gold,Protoss
41,CN,2366,Gold,Zerg
41,CN,2366,Gold,Protoss
41,CN,2366,Gold,Zerg
41,CN,2366,Gold,Zerg
41,CN,2366,Gold,Zerg
41,CN,2366,Gold,Terran
41,CN,2366,Gold,Terran
41,CN,2366,Gold,Terran
41,CN,2366,Gold,Terran
41,CN,2366,Gold,Terran
41,CN,2366,Gold,Zerg
41,CN,2366,Gold,Terran
41,CN,2366,Gold,Protoss
41,CN,2366,Gold,Zerg
41,CN,2366,Gold,Terran
41,CN,2366,Gold,Protoss
41,CN,2366,Gold,Terran
41,CN,2366,Gold,Protoss
41,CN,2366,Gold,Protoss
41,CN,2366,Gold,Random
41,CN,2366,Gold,Terran
41,CN,2366,Gold,Terran
41,CN,2366,Gold,Terran
41,CN,2366,Gold,Zerg
41,CN,2366,Gold,Protoss
41,CN,2366,Gold,Zerg
41,CN,2366,Gold,Protoss
41,CN,2366,Gold,Protoss
41,CN,2366,Gold,Terran
41,CN,2366,Gold,Zerg
41,CN,2366,Gold,Terran
41,CN,2366,Gold,Terran
41,CN,2366,Gold,Terran
41,CN,2366,Gold,Protoss
41,CN,2366,Gold,Terran
41,CN,2366,Gold,Terran
41,CN,2366,Gold,Protoss
41,CN,2366,Gold,Protoss
41,CN,2366,Gold,Protoss
41,CN,2366,Gold,Terran
41,CN,2366,Gold,Zerg
41,CN,2366,Gold,Zerg
41,CN,2366,Gold,Protoss
41,CN,2366,Gold,Terran
41,CN,2366,Gold,Terran
41,CN,2366,Gold,Protoss
41,CN,2366,Gold,Protoss
41,CN,2366,Gold,Terran
41,CN,2366,Gold,Protoss
41,CN,2366,Gold,Protoss
41,CN,2365,Gold,Protoss
41,CN,2365,Gold,Protoss
41,CN,2365,Gold,Terran
41,CN,2365,Gold,Zerg
41,CN,2365,Gold,Protoss
41,CN,2365,Gold,Protoss
41,CN,2365,Gold,Terran
41,CN,2365,Gold,Terran
41,CN,2365,Gold,Terran
41,CN,2365,Gold,Random
41,CN,2365,Gold,Zerg
41,CN,2365,Gold,Terran
41,CN,2365,Gold,Zerg
41,CN,2365,Gold,Zerg
41,CN,2365,Gold,Zerg
41,CN,2365,Gold,Zerg
41,CN,2365,Gold,Protoss
41,CN,2365,Gold,Protoss
41,CN,2365,Gold,Protoss
41,CN,2365,Gold,Zerg
41,CN,2365,Gold,Random
41,CN,2365,Gold,Protoss
41,CN,2365,Gold,Protoss
41,CN,2365,Gold,Protoss
41,CN,2365,Gold,Zerg
41,CN,2365,Gold,Terran
41,CN,2365,Gold,Protoss
41,CN,2365,Gold,Random
41,CN,2365,Gold,Protoss
41,CN,2365,Gold,Terran
41,CN,2365,Gold,Terran
41,CN,2365,Gold,Terran
41,CN,2365,Gold,Protoss
41,CN,2365,Gold,Terran
41,CN,2363,Gold,Terran
41,CN,2363,Gold,Terran
41,CN,2363,Gold,Protoss
41,CN,2363,Gold,Terran
41,CN,2363,Gold,Terran
41,CN,2363,Gold,Terran
41,CN,2363,Gold,Zerg
41,CN,2363,Gold,Protoss
41,CN,2363,Gold,Terran
41,CN,2363,Gold,Protoss
41,CN,2363,Gold,Zerg
41,CN,2363,Gold,Terran
41,CN,2363,Gold,Zerg
41,CN,2363,Gold,Protoss
41,CN,2363,Gold,Terran
41,CN,2363,Gold,Protoss
41,CN,2363,Gold,Protoss
41,CN,2363,Gold,Terran
41,CN,2363,Gold,Protoss
41,CN,2363,Gold,Protoss
41,CN,2363,Gold,Terran
41,CN,2363,Gold,Terran
41,CN,2363,Gold,Zerg
41,CN,2363,Gold,Terran
41,CN,2363,Gold,Protoss
41,CN,2363,Gold,Terran
41,CN,2363,Gold,Terran
41,CN,2363,Gold,Protoss
41,CN,2363,Gold,Terran
41,CN,2363,Gold,Terran
41,CN,2363,Gold,Protoss
41,CN,2363,Gold,Protoss
41,CN,2363,Gold,Zerg
41,CN,2363,Gold,Protoss
41,CN,2363,Gold,Terran
41,CN,2363,Gold,Protoss
41,CN,2363,Gold,Zerg
41,CN,2363,Gold,Terran
41,CN,2363,Gold,Protoss
41,CN,2363,Gold,Protoss
41,CN,2363,Gold,Protoss
41,CN,2363,Gold,Terran
41,CN,2363,Gold,Terran
41,CN,2363,Gold,Terran
41,CN,2363,Gold,Protoss
41,CN,2363,Gold,Terran
41,CN,2363,Gold,Terran
41,CN,2363,Gold,Zerg
41,CN,2363,Gold,Terran
41,CN,2363,Gold,Zerg
41,CN,2363,Gold,Zerg
41,CN,2363,Gold,Terran
41,CN,2363,Gold,Terran
41,CN,2363,Gold,Protoss
41,CN,2363,Gold,Terran
41,CN,2363,Gold,Terran
41,CN,2363,Gold,Terran
41,CN,2362,Gold,Zerg
41,CN,2362,Gold,Terran
41,CN,2362,Gold,Protoss
41,CN,2362,Gold,Zerg
41,CN,2362,Gold,Protoss
41,CN,2362,Gold,Random
41,CN,2362,Gold,Terran
41,CN,2362,Gold,Zerg
41,CN,2362,Gold,Protoss
41,CN,2362,Gold,Protoss
41,CN,2362,Gold,Zerg
41,CN,2362,Gold,Terran
41,CN,2362,Gold,Terran
41,CN,2362,Gold,Protoss
41,CN,2362,Gold,Protoss
41,CN,2362,Gold,Protoss
41,CN,2362,Gold,Zerg
41,CN,2362,Gold,Terran
41,CN,2362,Gold,Terran
41,CN,2362,Gold,Zerg
41,CN,2362,Gold,Terran
41,CN,2362,Gold,Terran
41,CN,2362,Gold,Zerg
41,CN,2362,Gold,Zerg
41,CN,2362,Gold,Protoss
41,CN,2362,Gold,Terran
41,CN,2362,Gold,Terran
41,CN,2362,Gold,Protoss
41,CN,2362,Gold,Zerg
41,CN,2362,Gold,Zerg
41,CN,2362,Gold,Terran
41,CN,2362,Gold,Terran
41,CN,2362,Gold,Protoss
41,CN,2362,Gold,Random
41,CN,2362,Gold,Terran
41,CN,2362,Gold,Zerg
41,CN,2362,Gold,Random
41,CN,2362,Gold,Zerg
41,CN,2362,Gold,Terran
41,CN,2362,Gold,Protoss
41,CN,2362,Gold,Terran
41,CN,2362,Gold,Terran
41,CN,2362,Gold,Terran
41,CN,2360,Gold,Protoss
41,CN,2360,Gold,Protoss
41,CN,2360,Gold,Zerg
41,CN,2360,Gold,Zerg
41,CN,2360,Gold,Protoss
41,CN,2360,Gold,Protoss
41,CN,2360,Gold,Terran
41,CN,2360,Gold,Protoss
41,CN,2360,Gold,Protoss
41,CN,2360,Gold,Protoss
41,CN,2360,Gold,Protoss
41,CN,2360,Gold,Protoss
41,CN,2360,Gold,Protoss
41,CN,2360,Gold,Protoss
41,CN,2360,Gold,Terran
41,CN,2360,Gold,Terran
41,CN,2360,Gold,Protoss
41,CN,2360,Gold,Terran
41,CN,2360,Gold,Terran
41,CN,2360,Gold,Zerg
41,CN,2360,Gold,Terran
41,CN,2360,Gold,Protoss
41,CN,2360,Gold,Random
41,CN,2360,Gold,Terran
41,CN,2360,Gold,Protoss
41,CN,2360,Gold,Zerg
41,CN,2360,Gold,Random
41,CN,2360,Gold,Zerg
41,CN,2360,Gold,Protoss
41,CN,2360,Gold,Terran
41,CN,2360,Gold,Protoss
41,CN,2360,Gold,Protoss
41,CN,2360,Gold,Terran
41,CN,2360,Gold,Protoss
41,CN,2360,Gold,Protoss
41,CN,2360,Gold,Protoss
41,CN,2360,Gold,Terran
41,CN,2360,Gold,Zerg
41,CN,2360,Gold,Terran
41,CN,2360,Gold,Terran
41,CN,2360,Gold,Protoss
41,CN,2360,Gold,Protoss
41,CN,2360,Gold,Protoss
41,CN,2360,Gold,Terran
41,CN,2360,Gold,Random
41,CN,2360,Gold,Terran
41,CN,2360,Gold,Protoss
41,CN,2360,Gold,Zerg
41,CN,2360,Gold,Protoss
41,CN,2360,Gold,Terran
41,CN,2360,Gold,Protoss
41,CN,2360,Gold,Zerg
41,CN,2360,Gold,Terran
41,CN,2360,Gold,Terran
41,CN,2360,Gold,Protoss
41,CN,2360,Gold,Terran
41,CN,2359,Gold,Protoss
41,CN,2359,Gold,Protoss
41,CN,2359,Gold,Protoss
41,CN,2359,Gold,Zerg
41,CN,2359,Gold,Zerg
41,CN,2359,Gold,Protoss
41,CN,2359,Gold,Terran
41,CN,2359,Gold,Zerg
41,CN,2359,Gold,Terran
41,CN,2359,Gold,Zerg
41,CN,2359,Gold,Random
41,CN,2359,Gold,Protoss
41,CN,2359,Gold,Zerg
41,CN,2359,Gold,Protoss
41,CN,2359,Gold,Random
41,CN,2359,Gold,Protoss
41,CN,2359,Gold,Zerg
41,CN,2359,Gold,Zerg
41,CN,2359,Gold,Protoss
41,CN,2359,Gold,Protoss
41,CN,2359,Gold,Protoss
41,CN,2359,Gold,Protoss
41,CN,2359,Gold,Protoss
41,CN,2359,Gold,Protoss
41,CN,2359,Gold,Zerg
41,CN,2359,Gold,Protoss
41,CN,2359,Gold,Terran
41,CN,2359,Gold,Protoss
41,CN,2359,Gold,Protoss
41,CN,2359,Gold,Zerg
41,CN,2359,Gold,Random
41,CN,2359,Gold,Random
41,CN,2359,Gold,Protoss
41,CN,2359,Gold,Terran
41,CN,2359,Gold,Terran
41,CN,2359,Gold,Protoss
41,CN,2359,Gold,Terran
41,CN,2359,Gold,Zerg
41,CN,2359,Gold,Zerg
41,CN,2359,Gold,Protoss
41,CN,2359,Gold,Terran
41,CN,2359,Gold,Terran
41,CN,2359,Gold,Protoss
41,CN,2359,Gold,Terran
41,CN,2357,Gold,Protoss
41,CN,2357,Gold,Terran
41,CN,2357,Gold,Protoss
41,CN,2357,Gold,Terran
41,CN,2357,Gold,Terran
41,CN,2357,Gold,Protoss
41,CN,2357,Gold,Terran
41,CN,2357,Gold,Protoss
41,CN,2357,Gold,Zerg
41,CN,2357,Gold,Protoss
41,CN,2357,Gold,Protoss
41,CN,2357,Gold,Terran
41,CN,2357,Gold,Terran
41,CN,2357,Gold,Protoss
41,CN,2357,Gold,Zerg
41,CN,2357,Gold,Terran
41,CN,2357,Gold,Random
41,CN,2357,Gold,Terran
41,CN,2357,Gold,Zerg
41,CN,2357,Gold,Terran
41,CN,2357,Gold,Zerg
41,CN,2357,Gold,Protoss
41,CN,2357,Gold,Terran
41,CN,2357,Gold,Random
41,CN,2357,Gold,Terran
41,CN,2357,Gold,Terran
41,CN,2357,Gold,Protoss
41,CN,2357,Gold,Zerg
41,CN,2357,Gold,Zerg
41,CN,2357,Gold,Zerg
41,CN,2357,Gold,Protoss
41,CN,2357,Gold,Protoss
41,CN,2357,Gold,Random
41,CN,2357,Gold,Terran
41,CN,2357,Gold,Terran
41,CN,2357,Gold,Terran
41,CN,2357,Gold,Zerg
41,CN,2357,Gold,Terran
41,CN,2357,Gold,Terran
41,CN,2357,Gold,Terran
41,CN,2357,Gold,Zerg
41,CN,2357,Gold,Terran
41,CN,2357,Gold,Random
41,CN,2357,Gold,Protoss
41,CN,2357,Gold,Protoss
41,CN,2357,Gold,Random
41,CN,2357,Gold,Terran
41,CN,2357,Gold,Zerg
41,CN,2357,Gold,Protoss
41,CN,2357,Gold,Terran
41,CN,2357,Gold,Terran
41,CN,2357,Gold,Terran
41,CN,2357,Gold,Terran
41,CN,2357,Gold,Protoss
41,CN,2357,Gold,Terran
41,CN,2357,Gold,Zerg
41,CN,2357,Gold,Zerg
41,CN,2357,Gold,Terran
41,CN,2357,Gold,Protoss
41,CN,2357,Gold,Protoss
41,CN,2357,Gold,Random
41,CN,2357,Gold,Zerg
41,CN,2357,Gold,Zerg
41,CN,2357,Gold,Terran
41,CN,2357,Gold,Protoss
41,CN,2357,Gold,Zerg
41,CN,2357,Gold,Terran
41,CN,2356,Gold,Zerg
41,CN,2356,Gold,Protoss
41,CN,2356,Gold,Terran
41,CN,2356,Gold,Terran
41,CN,2356,Gold,Protoss
41,CN,2356,Gold,Terran
41,CN,2356,Gold,Terran
41,CN,2356,Gold,Zerg
41,CN,2356,Gold,Terran
41,CN,2356,Gold,Terran
41,CN,2356,Gold,Terran
41,CN,2356,Gold,Zerg
41,CN,2356,Gold,Protoss
41,CN,2356,Gold,Zerg
41,CN,2356,Gold,Protoss
41,CN,2356,Gold,Random
41,CN,2356,Gold,Random
41,CN,2356,Gold,Random
41,CN,2356,Gold,Zerg
41,CN,2356,Gold,Protoss
41,CN,2356,Gold,Zerg
41,CN,2356,Gold,Zerg
41,CN,2356,Gold,Protoss
41,CN,2356,Gold,Protoss
41,CN,2356,Gold,Terran
41,CN,2356,Gold,Protoss
41,CN,2356,Gold,Protoss
41,CN,2356,Gold,Zerg
41,CN,2356,Gold,Terran
41,CN,2356,Gold,Protoss
41,CN,2356,Gold,Protoss
41,CN,2356,Gold,Protoss
41,CN,2356,Gold,Random
41,CN,2354,Gold,Protoss
41,CN,2354,Gold,Terran
41,CN,2354,Gold,Terran
41,CN,2354,Gold,Protoss
41,CN,2354,Gold,Terran
41,CN,2354,Gold,Terran
41,CN,2354,Gold,Zerg
41,CN,2354,Gold,Protoss
41,CN,2354,Gold,Terran
41,CN,2354,Gold,Zerg
41,CN,2354,Gold,Zerg
41,CN,2354,Gold,Zerg
41,CN,2354,Gold,Terran
41,CN,2354,Gold,Terran
41,CN,2354,Gold,Protoss
41,CN,2354,Gold,Protoss
41,CN,2354,Gold,Zerg
41,CN,2354,Gold,Random
41,CN,2354,Gold,Terran
41,CN,2354,Gold,Protoss
41,CN,2354,Gold,Terran
41,CN,2354,Gold,Protoss
41,CN,2354,Gold,Protoss
41,CN,2354,Gold,Terran
41,CN,2354,Gold,Protoss
41,CN,2354,Gold,Terran
41,CN,2354,Gold,Zerg
41,CN,2354,Gold,Terran
41,CN,2354,Gold,Protoss
41,CN,2354,Gold,Terran
41,CN,2354,Gold,Protoss
41,CN,2354,Gold,Terran
41,CN,2354,Gold,Protoss
41,CN,2354,Gold,Terran
41,CN,2354,Gold,Protoss
41,CN,2354,Gold,Terran
41,CN,2354,Gold,Zerg
41,CN,2354,Gold,Zerg
41,CN,2354,Gold,Protoss
41,CN,2354,Gold,Protoss
41,CN,2354,Gold,Random
41,CN,2354,Gold,Protoss
41,CN,2354,Gold,Terran
41,CN,2354,Gold,Zerg
41,CN,2354,Gold,Terran
41,CN,2354,Gold,Zerg
41,CN,2354,Gold,Terran
41,CN,2354,Gold,Zerg
41,CN,2354,Gold,Zerg
41,CN,2354,Gold,Protoss
41,CN,2354,Gold,Terran
41,CN,2354,Gold,Protoss
41,CN,2354,Gold,Terran
41,CN,2354,Gold,Protoss
41,CN,2354,Gold,Protoss
41,CN,2354,Gold,Terran
41,CN,2354,Gold,Zerg
41,CN,2354,Gold,Zerg
41,CN,2353,Gold,Terran
41,CN,2353,Gold,Protoss
41,CN,2353,Gold,Zerg
41,CN,2353,Gold,Protoss
41,CN,2353,Gold,Terran
41,CN,2353,Gold,Protoss
41,CN,2353,Gold,Zerg
41,CN,2353,Gold,Protoss
41,CN,2353,Gold,Terran
41,CN,2353,Gold,Zerg
41,CN,2353,Gold,Zerg
41,CN,2353,Gold,Terran
41,CN,2353,Gold,Terran
41,CN,2353,Gold,Terran
41,CN,2353,Gold,Terran
41,CN,2353,Gold,Zerg
41,CN,2353,Gold,Protoss
41,CN,2353,Gold,Protoss
41,CN,2353,Gold,Terran
41,CN,2353,Gold,Random
41,CN,2353,Gold,Random
41,CN,2353,Gold,Terran
41,CN,2353,Gold,Zerg
41,CN,2353,Gold,Protoss
41,CN,2353,Gold,Terran
41,CN,2353,Gold,Protoss
41,CN,2353,Gold,Protoss
41,CN,2353,Gold,Terran
41,CN,2353,Gold,Terran
41,CN,2353,Gold,Zerg
41,CN,2353,Gold,Terran
41,CN,2353,Gold,Terran
41,CN,2353,Gold,Protoss
41,CN,2353,Gold,Zerg
41,CN,2353,Gold,Protoss
41,CN,2353,Gold,Terran
41,CN,2353,Gold,Protoss
41,CN,2353,Gold,Terran
41,CN,2353,Gold,Terran
41,CN,2353,Gold,Zerg
41,CN,2353,Gold,Terran
41,CN,2353,Gold,Terran
41,CN,2351,Gold,Terran
41,CN,2351,Gold,Protoss
41,CN,2351,Gold,Random
41,CN,2351,Gold,Terran
41,CN,2351,Gold,Random
41,CN,2351,Gold,Zerg
41,CN,2351,Gold,Terran
41,CN,2351,Gold,Terran
41,CN,2351,Gold,Terran
41,CN,2351,Gold,Protoss
41,CN,2351,Gold,Terran
41,CN,2351,Gold,Protoss
41,CN,2351,Gold,Zerg
41,CN,2351,Gold,Zerg
41,CN,2351,Gold,Terran
41,CN,2351,Gold,Terran
41,CN,2351,Gold,Protoss
41,CN,2351,Gold,Protoss
41,CN,2351,Gold,Protoss
41,CN,2351,Gold,Protoss
41,CN,2351,Gold,Terran
41,CN,2351,Gold,Terran
41,CN,2351,Gold,Protoss
41,CN,2351,Gold,Terran
41,CN,2351,Gold,Terran
41,CN,2351,Gold,Zerg
41,CN,2351,Gold,Protoss
41,CN,2351,Gold,Terran
41,CN,2351,Gold,Protoss
41,CN,2351,Gold,Protoss
41,CN,2351,Gold,Terran
41,CN,2351,Gold,Protoss
41,CN,2351,Gold,Protoss
41,CN,2351,Gold,Zerg
41,CN,2351,Gold,Zerg
41,CN,2351,Gold,Terran
41,CN,2351,Gold,Zerg
41,CN,2351,Gold,Protoss
41,CN,2351,Gold,Protoss
41,CN,2351,Gold,Zerg
41,CN,2351,Gold,Protoss
41,CN,2351,Gold,Terran
41,CN,2351,Gold,Protoss
41,CN,2351,Gold,Terran
41,CN,2351,Gold,Random
41,CN,2351,Gold,Protoss
41,CN,2351,Gold,Zerg
41,CN,2351,Gold,Zerg
41,CN,2351,Gold,Terran
41,CN,2351,Gold,Terran
41,CN,2351,Gold,Terran
41,CN,2351,Gold,Protoss
41,CN,2351,Gold,Zerg
41,CN,2351,Gold,Protoss
41,CN,2351,Gold,Protoss
41,CN,2351,Gold,Terran
41,CN,2351,Gold,Protoss
41,CN,2351,Gold,Terran
41,CN,2351,Gold,Terran
41,CN,2351,Gold,Protoss
41,CN,2350,Gold,Terran
41,CN,2350,Gold,Terran
41,CN,2350,Gold,Protoss
41,CN,2350,Gold,Protoss
41,CN,2350,Gold,Zerg
41,CN,2350,Gold,Protoss
41,CN,2350,Gold,Protoss
41,CN,2350,Gold,Zerg
41,CN,2350,Gold,Terran
41,CN,2350,Gold,Terran
41,CN,2350,Gold,Terran
41,CN,2350,Gold,Terran
41,CN,2350,Gold,Protoss
41,CN,2350,Gold,Protoss
41,CN,2350,Gold,Terran
41,CN,2350,Gold,Terran
41,CN,2350,Gold,Terran
41,CN,2350,Gold,Protoss
41,CN,2350,Gold,Protoss
41,CN,2350,Gold,Zerg
41,CN,2350,Gold,Terran
41,CN,2350,Gold,Zerg
41,CN,2350,Gold,Zerg
41,CN,2350,Gold,Terran
41,CN,2350,Gold,Zerg
41,CN,2350,Gold,Zerg
41,CN,2350,Gold,Protoss
41,CN,2350,Gold,Terran
41,CN,2350,Gold,Protoss
41,CN,2350,Gold,Zerg
41,CN,2350,Gold,Zerg
41,CN,2350,Gold,Protoss
41,CN,2350,Gold,Zerg
41,CN,2350,Gold,Terran
41,CN,2350,Gold,Protoss
41,CN,2350,Gold,Protoss
41,CN,2350,Gold,Random
41,CN,2350,Gold,Random
41,CN,2350,Gold,Terran
41,CN,2350,Gold,Zerg
41,CN,2348,Gold,Terran
41,CN,2348,Gold,Protoss
41,CN,2348,Gold,Zerg
41,CN,2348,Gold,Terran
41,CN,2348,Gold,Zerg
41,CN,2348,Gold,Protoss
41,CN,2348,Gold,Terran
41,CN,2348,Gold,Terran
41,CN,2348,Gold,Terran
41,CN,2348,Gold,Terran
41,CN,2348,Gold,Protoss
41,CN,2348,Gold,Protoss
41,CN,2348,Gold,Protoss
41,CN,2348,Gold,Terran
41,CN,2348,Gold,Terran
41,CN,2348,Gold,Zerg
41,CN,2348,Gold,Protoss
41,CN,2348,Gold,Terran
41,CN,2348,Gold,Protoss
41,CN,2348,Gold,Protoss
41,CN,2348,Gold,Terran
41,CN,2348,Gold,Zerg
41,CN,2348,Gold,Protoss
41,CN,2348,Gold,Zerg
41,CN,2348,Gold,Protoss
41,CN,2348,Gold,Protoss
41,CN,2348,Gold,Zerg
41,CN,2348,Gold,Zerg
41,CN,2348,Gold,Protoss
41,CN,2348,Gold,Terran
41,CN,2348,Gold,Protoss
41,CN,2348,Gold,Protoss
41,CN,2348,Gold,Zerg
41,CN,2348,Gold,Terran
41,CN,2348,Gold,Zerg
41,CN,2348,Gold,Protoss
41,CN,2348,Gold,Zerg
41,CN,2348,Gold,Terran
41,CN,2348,Gold,Terran
41,CN,2348,Gold,Terran
41,CN,2348,Gold,Protoss
41,CN,2348,Gold,Protoss
41,CN,2348,Gold,Terran
41,CN,2348,Gold,Zerg
41,CN,2348,Gold,Protoss
41,CN,2348,Gold,Terran
41,CN,2348,Gold,Zerg
41,CN,2348,Gold,Zerg
41,CN,2348,Gold,Terran
41,CN,2348,Gold,Terran
41,CN,2348,Gold,Protoss
41,CN,2348,Gold,Terran
41,CN,2348,Gold,Terran
41,CN,2348,Gold,Terran
41,CN,2348,Gold,Zerg
41,CN,2348,Gold,Protoss
41,CN,2348,Gold,Protoss
41,CN,2348,Gold,Terran
41,CN,2348,Gold,Terran
41,CN,2348,Gold,Terran
41,CN,2348,Gold,Zerg
41,CN,2348,Gold,Protoss
41,CN,2348,Gold,Terran
41,CN,2347,Gold,Zerg
41,CN,2347,Gold,Protoss
41,CN,2347,Gold,Protoss
41,CN,2347,Gold,Protoss
41,CN,2347,Gold,Zerg
41,CN,2347,Gold,Protoss
41,CN,2347,Gold,Protoss
41,CN,2347,Gold,Terran
41,CN,2347,Gold,Protoss
41,CN,2347,Gold,Terran
41,CN,2347,Gold,Terran
41,CN,2347,Gold,Terran
41,CN,2347,Gold,Protoss
41,CN,2347,Gold,Protoss
41,CN,2347,Gold,Zerg
41,CN,2347,Gold,Zerg
41,CN,2347,Gold,Zerg
41,CN,2347,Gold,Terran
41,CN,2347,Gold,Terran
41,CN,2347,Gold,Random
41,CN,2347,Gold,Protoss
41,CN,2347,Gold,Terran
41,CN,2347,Gold,Zerg
41,CN,2347,Gold,Terran
41,CN,2347,Gold,Terran
41,CN,2347,Gold,Zerg
41,CN,2347,Gold,Protoss
41,CN,2347,Gold,Terran
41,CN,2347,Gold,Terran
41,CN,2347,Gold,Protoss
41,CN,2347,Gold,Terran
41,CN,2347,Gold,Zerg
41,CN,2347,Gold,Zerg
41,CN,2347,Gold,Random
41,CN,2347,Gold,Terran
41,CN,2347,Gold,Protoss
41,CN,2347,Gold,Terran
41,CN,2345,Gold,Terran
41,CN,2345,Gold,Zerg
41,CN,2345,Gold,Protoss
41,CN,2345,Gold,Zerg
41,CN,2345,Gold,Random
41,CN,2345,Gold,Zerg
41,CN,2345,Gold,Terran
41,CN,2345,Gold,Terran
41,CN,2345,Gold,Terran
41,CN,2345,Gold,Protoss
41,CN,2345,Gold,Terran
41,CN,2345,Gold,Terran
41,CN,2345,Gold,Zerg
41,CN,2345,Gold,Terran
41,CN,2345,Gold,Zerg
41,CN,2345,Gold,Zerg
41,CN,2345,Gold,Protoss
41,CN,2345,Gold,Terran
41,CN,2345,Gold,Random
41,CN,2345,Gold,Terran
41,CN,2345,Gold,Protoss
41,CN,2345,Gold,Terran
41,CN,2345,Gold,Terran
41,CN,2345,Gold,Terran
41,CN,2345,Gold,Zerg
41,CN,2345,Gold,Zerg
41,CN,2345,Gold,Terran
41,CN,2345,Gold,Terran
41,CN,2345,Gold,Zerg
41,CN,2345,Gold,Terran
41,CN,2345,Gold,Protoss
41,CN,2345,Gold,Terran
41,CN,2345,Gold,Zerg
41,CN,2345,Gold,Terran
41,CN,2345,Gold,Random
41,CN,2345,Gold,Protoss
41,CN,2345,Gold,Terran
41,CN,2345,Gold,Terran
41,CN,2345,Gold,Protoss
41,CN,2345,Gold,Terran
41,CN,2345,Gold,Zerg
41,CN,2345,Gold,Terran
41,CN,2345,Gold,Terran
41,CN,2345,Gold,Terran
41,CN,2345,Gold,Terran
41,CN,2345,Gold,Protoss
41,CN,2345,Gold,Terran
41,CN,2345,Gold,Protoss
41,CN,2345,Gold,Zerg
41,CN,2345,Gold,Random
41,CN,2345,Gold,Terran
41,CN,2345,Gold,Terran
41,CN,2345,Gold,Protoss
41,CN,2345,Gold,Protoss
41,CN,2345,Gold,Zerg
41,CN,2344,Gold,Terran
41,CN,2344,Gold,Terran
41,CN,2344,Gold,Protoss
41,CN,2344,Gold,Terran
41,CN,2344,Gold,Zerg
41,CN,2344,Gold,Terran
41,CN,2344,Gold,Terran
41,CN,2344,Gold,Zerg
41,CN,2344,Gold,Zerg
41,CN,2344,Gold,Terran
41,CN,2344,Gold,Protoss
41,CN,2344,Gold,Protoss
41,CN,2344,Gold,Random
41,CN,2344,Gold,Protoss
41,CN,2344,Gold,Protoss
41,CN,2344,Gold,Terran
41,CN,2344,Gold,Protoss
41,CN,2344,Gold,Protoss
41,CN,2344,Gold,Terran
41,CN,2344,Gold,Terran
41,CN,2344,Gold,Terran
41,CN,2344,Gold,Protoss
41,CN,2344,Gold,Zerg
41,CN,2344,Gold,Zerg
41,CN,2344,Gold,Protoss
41,CN,2344,Gold,Zerg
41,CN,2344,Gold,Terran
41,CN,2344,Gold,Terran
41,CN,2344,Gold,Terran
41,CN,2344,Gold,Random
41,CN,2344,Gold,Protoss
41,CN,2344,Gold,Zerg
41,CN,2344,Gold,Terran
41,CN,2344,Gold,Protoss
41,CN,2344,Gold,Zerg
41,CN,2344,Gold,Protoss
41,CN,2344,Gold,Zerg
41,CN,2344,Gold,Protoss
41,CN,2344,Gold,Zerg
41,CN,2344,Gold,Terran
41,CN,2344,Gold,Terran
41,CN,2344,Gold,Zerg
41,CN,2344,Gold,Protoss
41,CN,2344,Gold,Terran
41,CN,2344,Gold,Terran
41,CN,2342,Gold,Zerg
41,CN,2342,Gold,Zerg
41,CN,2342,Gold,Protoss
41,CN,2342,Gold,Random
41,CN,2342,Gold,Protoss
41,CN,2342,Gold,Terran
41,CN,2342,Gold,Protoss
41,CN,2342,Gold,Protoss
41,CN,2342,Gold,Zerg
41,CN,2342,Gold,Zerg
41,CN,2342,Gold,Protoss
41,CN,2342,Gold,Terran
41,CN,2342,Gold,Protoss
41,CN,2342,Gold,Terran
41,CN,2342,Gold,Protoss
41,CN,2342,Gold,Terran
41,CN,2342,Gold,Terran
41,CN,2342,Gold,Protoss
41,CN,2342,Gold,Protoss
41,CN,2342,Gold,Zerg
41,CN,2342,Gold,Zerg
41,CN,2342,Gold,Zerg
41,CN,2342,Gold,Terran
41,CN,2342,Gold,Protoss
41,CN,2342,Gold,Terran
41,CN,2342,Gold,Protoss
41,CN,2342,Gold,Terran
41,CN,2342,Gold,Random
41,CN,2342,Gold,Protoss
41,CN,2342,Gold,Terran
41,CN,2342,Gold,Zerg
41,CN,2342,Gold,Protoss
41,CN,2342,Gold,Random
41,CN,2342,Gold,Zerg
41,CN,2342,Gold,Protoss
41,CN,2342,Gold,Protoss
41,CN,2342,Gold,Terran
41,CN,2342,Gold,Zerg
41,CN,2342,Gold,Zerg
41,CN,2342,Gold,Zerg
41,CN,2342,Gold,Protoss
41,CN,2342,Gold,Terran
41,CN,2342,Gold,Terran
41,CN,2342,Gold,Terran
41,CN,2342,Gold,Zerg
41,CN,2342,Gold,Terran
41,CN,2342,Gold,Protoss
41,CN,2342,Gold,Terran
41,CN,2342,Gold,Terran
41,CN,2342,Gold,Terran
41,CN,2342,Gold,Terran
41,CN,2342,Gold,Protoss
41,CN,2342,Gold,Protoss
41,CN,2342,Gold,Protoss
41,CN,2342,Gold,Protoss
41,CN,2342,Gold,Protoss
41,CN,2342,Gold,Terran
41,CN,2342,Gold,Protoss
41,CN,2342,Gold,Protoss
41,CN,2342,Gold,Random
41,CN,2342,Gold,Random
41,CN,2342,Gold,Terran
41,CN,2342,Gold,Protoss
41,CN,2342,Gold,Terran
41,CN,2342,Gold,Terran
41,CN,2342,Gold,Random
41,CN,2342,Gold,Terran
41,CN,2341,Gold,Zerg
41,CN,2341,Gold,Protoss
41,CN,2341,Gold,Random
41,CN,2341,Gold,Zerg
41,CN,2341,Gold,Terran
41,CN,2341,Gold,Zerg
41,CN,2341,Gold,Zerg
41,CN,2341,Gold,Protoss
41,CN,2341,Gold,Terran
41,CN,2341,Gold,Zerg
41,CN,2341,Gold,Protoss
41,CN,2341,Gold,Random
41,CN,2341,Gold,Protoss
41,CN,2341,Gold,Zerg
41,CN,2341,Gold,Zerg
41,CN,2341,Gold,Protoss
41,CN,2341,Gold,Terran
41,CN,2341,Gold,Random
41,CN,2341,Gold,Protoss
41,CN,2341,Gold,Zerg
41,CN,2341,Gold,Terran
41,CN,2341,Gold,Protoss
41,CN,2341,Gold,Terran
41,CN,2341,Gold,Terran
41,CN,2341,Gold,Terran
41,CN,2341,Gold,Zerg
41,CN,2341,Gold,Zerg
41,CN,2341,Gold,Terran
41,CN,2341,Gold,Terran
41,CN,2341,Gold,Terran
41,CN,2341,Gold,Protoss
41,CN,2341,Gold,Protoss
41,CN,2341,Gold,Terran
41,CN,2339,Gold,Terran
41,CN,2339,Gold,Protoss
41,CN,2339,Gold,Terran
41,CN,2339,Gold,Random
41,CN,2339,Gold,Terran
41,CN,2339,Gold,Protoss
41,CN,2339,Gold,Protoss
41,CN,2339,Gold,Terran
41,CN,2339,Gold,Zerg
41,CN,2339,Gold,Zerg
41,CN,2339,Gold,Zerg
41,CN,2339,Gold,Terran
41,CN,2339,Gold,Protoss
41,CN,2339,Gold,Terran
41,CN,2339,Gold,Terran
41,CN,2339,Gold,Protoss
41,CN,2339,Gold,Terran
41,CN,2339,Gold,Terran
41,CN,2339,Gold,Zerg
41,CN,2339,Gold,Zerg
41,CN,2339,Gold,Zerg
41,CN,2339,Gold,Zerg
41,CN,2339,Gold,Protoss
41,CN,2339,Gold,Terran
41,CN,2339,Gold,Zerg
41,CN,2339,Gold,Protoss
41,CN,2339,Gold,Protoss
41,CN,2339,Gold,Zerg
41,CN,2339,Gold,Zerg
41,CN,2339,Gold,Protoss
41,CN,2339,Gold,Zerg
41,CN,2339,Gold,Terran
41,CN,2339,Gold,Terran
41,CN,2339,Gold,Terran
41,CN,2339,Gold,Random
41,CN,2339,Gold,Terran
41,CN,2339,Gold,Protoss
41,CN,2339,Gold,Protoss
41,CN,2339,Gold,Protoss
41,CN,2339,Gold,Zerg
41,CN,2339,Gold,Random
41,CN,2339,Gold,Terran
41,CN,2339,Gold,Random
41,CN,2339,Gold,Terran
41,CN,2339,Gold,Terran
41,CN,2339,Gold,Zerg
41,CN,2339,Gold,Random
41,CN,2339,Gold,Terran
41,CN,2339,Gold,Zerg
41,CN,2339,Gold,Terran
41,CN,2339,Gold,Protoss
41,CN,2339,Gold,Terran
41,CN,2339,Gold,Zerg
41,CN,2338,Gold,Zerg
41,CN,2338,Gold,Terran
41,CN,2338,Gold,Random
41,CN,2338,Gold,Zerg
41,CN,2338,Gold,Terran
41,CN,2338,Gold,Protoss
41,CN,2338,Gold,Protoss
41,CN,2338,Gold,Protoss
41,CN,2338,Gold,Protoss
41,CN,2338,Gold,Terran
41,CN,2338,Gold,Terran
41,CN,2338,Gold,Protoss
41,CN,2338,Gold,Terran
41,CN,2338,Gold,Protoss
41,CN,2338,Gold,Protoss
41,CN,2338,Gold,Zerg
41,CN,2338,Gold,Terran
41,CN,2338,Gold,Protoss
41,CN,2338,Gold,Terran
41,CN,2338,Gold,Zerg
41,CN,2338,Gold,Protoss
41,CN,2338,Gold,Zerg
41,CN,2338,Gold,Random
41,CN,2338,Gold,Terran
41,CN,2338,Gold,Protoss
41,CN,2338,Gold,Terran
41,CN,2338,Gold,Terran
41,CN,2338,Gold,Zerg
41,CN,2338,Gold,Protoss
41,CN,2338,Gold,Protoss
41,CN,2338,Gold,Protoss
41,CN,2338,Gold,Zerg
41,CN,2338,Gold,Protoss
41,CN,2338,Gold,Zerg
41,CN,2338,Gold,Terran
41,CN,2338,Gold,Zerg
41,CN,2338,Gold,Protoss
41,CN,2338,Gold,Terran
41,CN,2338,Gold,Terran
41,CN,2338,Gold,Zerg
41,CN,2338,Gold,Zerg
41,CN,2338,Gold,Random
41,CN,2338,Gold,Protoss
41,CN,2338,Gold,Zerg
41,CN,2338,Gold,Terran
41,CN,2338,Gold,Zerg
41,CN,2338,Gold,Terran
41,CN,2336,Gold,Protoss
41,CN,2336,Gold,Protoss
41,CN,2336,Gold,Terran
41,CN,2336,Gold,Zerg
41,CN,2336,Gold,Terran
41,CN,2336,Gold,Protoss
41,CN,2336,Gold,Zerg
41,CN,2336,Gold,Zerg
41,CN,2336,Gold,Protoss
41,CN,2336,Gold,Protoss
41,CN,2336,Gold,Terran
41,CN,2336,Gold,Random
41,CN,2336,Gold,Zerg
41,CN,2336,Gold,Random
41,CN,2336,Gold,Zerg
41,CN,2336,Gold,Zerg
41,CN,2336,Gold,Random
41,CN,2336,Gold,Protoss
41,CN,2336,Gold,Random
41,CN,2336,Gold,Protoss
41,CN,2336,Gold,Protoss
41,CN,2336,Gold,Terran
41,CN,2336,Gold,Terran
41,CN,2336,Gold,Terran
41,CN,2336,Gold,Protoss
41,CN,2336,Gold,Terran
41,CN,2336,Gold,Protoss
41,CN,2336,Gold,Protoss
41,CN,2336,Gold,Terran
41,CN,2336,Gold,Protoss
41,CN,2336,Gold,Protoss
41,CN,2336,Gold,Protoss
41,CN,2336,Gold,Zerg
41,CN,2336,Gold,Terran
41,CN,2336,Gold,Protoss
41,CN,2336,Gold,Protoss
41,CN,2336,Gold,Zerg
41,CN,2336,Gold,Terran
41,CN,2336,Gold,Zerg
41,CN,2336,Gold,Zerg
41,CN,2336,Gold,Protoss
41,CN,2336,Gold,Zerg
41,CN,2336,Gold,Protoss
41,CN,2336,Gold,Terran
41,CN,2336,Gold,Zerg
41,CN,2336,Gold,Terran
41,CN,2336,Gold,Zerg
41,CN,2336,Gold,Terran
41,CN,2336,Gold,Protoss
41,CN,2336,Gold,Zerg
41,CN,2336,Gold,Terran
41,CN,2336,Gold,Zerg
41,CN,2336,Gold,Protoss
41,CN,2336,Gold,Terran
41,CN,2336,Gold,Terran
41,CN,2336,Gold,Protoss
41,CN,2336,Gold,Terran
41,CN,2336,Gold,Terran
41,CN,2336,Gold,Protoss
41,CN,2336,Gold,Terran
41,CN,2336,Gold,Terran
41,CN,2336,Gold,Terran
41,CN,2336,Gold,Protoss
41,CN,2335,Gold,Protoss
41,CN,2335,Gold,Terran
41,CN,2335,Gold,Terran
41,CN,2335,Gold,Protoss
41,CN,2335,Gold,Terran
41,CN,2335,Gold,Terran
41,CN,2335,Gold,Terran
41,CN,2335,Gold,Terran
41,CN,2335,Gold,Protoss
41,CN,2335,Gold,Terran
41,CN,2335,Gold,Protoss
41,CN,2335,Gold,Terran
41,CN,2335,Gold,Protoss
41,CN,2335,Gold,Protoss
41,CN,2335,Gold,Terran
41,CN,2335,Gold,Protoss
41,CN,2335,Gold,Protoss
41,CN,2335,Gold,Protoss
41,CN,2335,Gold,Terran
41,CN,2335,Gold,Terran
41,CN,2335,Gold,Protoss
41,CN,2335,Gold,Zerg
41,CN,2335,Gold,Protoss
41,CN,2335,Gold,Terran
41,CN,2335,Gold,Random
41,CN,2335,Gold,Protoss
41,CN,2335,Gold,Protoss
41,CN,2335,Gold,Zerg
41,CN,2335,Gold,Terran
41,CN,2335,Gold,Zerg
41,CN,2335,Gold,Terran
41,CN,2335,Gold,Terran
41,CN,2335,Gold,Protoss
41,CN,2335,Gold,Terran
41,CN,2335,Gold,Terran
41,CN,2335,Gold,Protoss
41,CN,2335,Gold,Terran
41,CN,2333,Gold,Protoss
41,CN,2333,Gold,Zerg
41,CN,2333,Gold,Random
41,CN,2333,Gold,Zerg
41,CN,2333,Gold,Protoss
41,CN,2333,Gold,Protoss
41,CN,2333,Gold,Protoss
41,CN,2333,Gold,Terran
41,CN,2333,Gold,Terran
41,CN,2333,Gold,Zerg
41,CN,2333,Gold,Terran
41,CN,2333,Gold,Zerg
41,CN,2333,Gold,Zerg
41,CN,2333,Gold,Terran
41,CN,2333,Gold,Terran
41,CN,2333,Gold,Protoss
41,CN,2333,Gold,Terran
41,CN,2333,Gold,Terran
41,CN,2333,Gold,Protoss
41,CN,2333,Gold,Protoss
41,CN,2333,Gold,Protoss
41,CN,2333,Gold,Protoss
41,CN,2333,Gold,Protoss
41,CN,2333,Gold,Terran
41,CN,2333,Gold,Protoss
41,CN,2333,Gold,Terran
41,CN,2333,Gold,Protoss
41,CN,2333,Gold,Protoss
41,CN,2333,Gold,Protoss
41,CN,2333,Gold,Random
41,CN,2333,Gold,Protoss
41,CN,2333,Gold,Protoss
41,CN,2333,Gold,Zerg
41,CN,2333,Gold,Terran
41,CN,2333,Gold,Random
41,CN,2333,Gold,Terran
41,CN,2333,Gold,Zerg
41,CN,2333,Gold,Zerg
41,CN,2333,Gold,Protoss
41,CN,2333,Gold,Protoss
41,CN,2333,Gold,Protoss
41,CN,2333,Gold,Protoss
41,CN,2333,Gold,Protoss
41,CN,2333,Gold,Terran
41,CN,2333,Gold,Protoss
41,CN,2333,Gold,Protoss
41,CN,2333,Gold,Zerg
41,CN,2333,Gold,Random
41,CN,2333,Gold,Random
41,CN,2333,Gold,Protoss
41,CN,2333,Gold,Protoss
41,CN,2333,Gold,Random
41,CN,2332,Gold,Terran
41,CN,2332,Gold,Protoss
41,CN,2332,Gold,Terran
41,CN,2332,Gold,Zerg
41,CN,2332,Gold,Protoss
41,CN,2332,Gold,Terran
41,CN,2332,Gold,Protoss
41,CN,2332,Gold,Protoss
41,CN,2332,Gold,Protoss
41,CN,2332,Gold,Terran
41,CN,2332,Gold,Protoss
41,CN,2332,Gold,Protoss
41,CN,2332,Gold,Terran
41,CN,2332,Gold,Terran
41,CN,2332,Gold,Terran
41,CN,2332,Gold,Protoss
41,CN,2332,Gold,Protoss
41,CN,2332,Gold,Protoss
41,CN,2332,Gold,Terran
41,CN,2332,Gold,Terran
41,CN,2332,Gold,Terran
41,CN,2332,Gold,Zerg
41,CN,2332,Gold,Terran
41,CN,2332,Gold,Terran
41,CN,2332,Gold,Protoss
41,CN,2332,Gold,Terran
41,CN,2332,Gold,Terran
41,CN,2332,Gold,Terran
41,CN,2332,Gold,Terran
41,CN,2332,Gold,Terran
41,CN,2332,Gold,Terran
41,CN,2332,Gold,Random
41,CN,2332,Gold,Terran
41,CN,2332,Gold,Terran
41,CN,2332,Gold,Random
41,CN,2332,Gold,Zerg
41,CN,2332,Gold,Zerg
41,CN,2332,Gold,Terran
41,CN,2332,Gold,Zerg
41,CN,2332,Gold,Terran
41,CN,2332,Gold,Protoss
41,CN,2332,Gold,Zerg
41,CN,2332,Gold,Protoss
41,CN,2332,Gold,Zerg
41,CN,2332,Gold,Zerg
41,CN,2332,Gold,Protoss
41,CN,2332,Gold,Terran
41,CN,2332,Gold,Protoss
41,CN,2330,Gold,Terran
41,CN,2330,Gold,Zerg
41,CN,2330,Gold,Terran
41,CN,2330,Gold,Protoss
41,CN,2330,Gold,Terran
41,CN,2330,Gold,Protoss
41,CN,2330,Gold,Terran
41,CN,2330,Gold,Protoss
41,CN,2330,Gold,Terran
41,CN,2330,Gold,Terran
41,CN,2330,Gold,Protoss
41,CN,2330,Gold,Terran
41,CN,2330,Gold,Zerg
41,CN,2330,Gold,Terran
41,CN,2330,Gold,Zerg
41,CN,2330,Gold,Terran
41,CN,2330,Gold,Protoss
41,CN,2330,Gold,Terran
41,CN,2330,Gold,Terran
41,CN,2330,Gold,Terran
41,CN,2330,Gold,Random
41,CN,2330,Gold,Terran
41,CN,2330,Gold,Zerg
41,CN,2330,Gold,Protoss
41,CN,2330,Gold,Terran
41,CN,2330,Gold,Terran
41,CN,2330,Gold,Protoss
41,CN,2330,Gold,Protoss
41,CN,2330,Gold,Terran
41,CN,2330,Gold,Random
41,CN,2330,Gold,Protoss
41,CN,2330,Gold,Terran
41,CN,2330,Gold,Zerg
41,CN,2330,Gold,Terran
41,CN,2330,Gold,Random
41,CN,2330,Gold,Zerg
41,CN,2330,Gold,Terran
41,CN,2330,Gold,Protoss
41,CN,2330,Gold,Terran
41,CN,2330,Gold,Terran
41,CN,2330,Gold,Protoss
41,CN,2330,Gold,Terran
41,CN,2330,Gold,Protoss
41,CN,2330,Gold,Zerg
41,CN,2330,Gold,Terran
41,CN,2330,Gold,Terran
41,CN,2330,Gold,Zerg
41,CN,2330,Gold,Protoss
41,CN,2330,Gold,Protoss
41,CN,2330,Gold,Terran
41,CN,2330,Gold,Protoss
41,CN,2330,Gold,Protoss
41,CN,2330,Gold,Terran
41,CN,2330,Gold,Terran
41,CN,2330,Gold,Protoss
41,CN,2330,Gold,Random
41,CN,2330,Gold,Protoss
41,CN,2330,Gold,Protoss
41,CN,2330,Gold,Terran
41,CN,2330,Gold,Protoss
41,CN,2330,Gold,Zerg
41,CN,2330,Gold,Zerg
41,CN,2330,Gold,Protoss
41,CN,2330,Gold,Zerg
41,CN,2330,Gold,Terran
41,CN,2330,Gold,Terran
41,CN,2330,Gold,Terran
41,CN,2329,Gold,Terran
41,CN,2329,Gold,Zerg
41,CN,2329,Gold,Protoss
41,CN,2329,Gold,Protoss
41,CN,2329,Gold,Zerg
41,CN,2329,Gold,Protoss
41,CN,2329,Gold,Zerg
41,CN,2329,Gold,Terran
41,CN,2329,Gold,Zerg
41,CN,2329,Gold,Terran
41,CN,2329,Gold,Terran
41,CN,2329,Gold,Protoss
41,CN,2329,Gold,Terran
41,CN,2329,Gold,Zerg
41,CN,2329,Gold,Terran
41,CN,2329,Gold,Protoss
41,CN,2329,Gold,Protoss
41,CN,2329,Gold,Terran
41,CN,2329,Gold,Zerg
41,CN,2329,Gold,Terran
41,CN,2329,Gold,Zerg
41,CN,2329,Gold,Zerg
41,CN,2329,Gold,Zerg
41,CN,2329,Gold,Protoss
41,CN,2329,Gold,Protoss
41,CN,2329,Gold,Zerg
41,CN,2329,Gold,Protoss
41,CN,2329,Gold,Terran
41,CN,2329,Gold,Terran
41,CN,2329,Gold,Terran
41,CN,2329,Gold,Zerg
41,CN,2329,Gold,Random
41,CN,2329,Gold,Protoss
41,CN,2327,Gold,Terran
41,CN,2327,Gold,Zerg
41,CN,2327,Gold,Zerg
41,CN,2327,Gold,Protoss
41,CN,2327,Gold,Protoss
41,CN,2327,Gold,Terran
41,CN,2327,Gold,Protoss
41,CN,2327,Gold,Terran
41,CN,2327,Gold,Zerg
41,CN,2327,Gold,Terran
41,CN,2327,Gold,Protoss
41,CN,2327,Gold,Terran
41,CN,2327,Gold,Terran
41,CN,2327,Gold,Protoss
41,CN,2327,Gold,Terran
41,CN,2327,Gold,Zerg
41,CN,2327,Gold,Zerg
41,CN,2327,Gold,Protoss
41,CN,2327,Gold,Protoss
41,CN,2327,Gold,Zerg
41,CN,2327,Gold,Zerg
41,CN,2327,Gold,Protoss
41,CN,2327,Gold,Terran
41,CN,2327,Gold,Protoss
41,CN,2327,Gold,Random
41,CN,2327,Gold,Terran
41,CN,2327,Gold,Protoss
41,CN,2327,Gold,Zerg
41,CN,2327,Gold,Terran
41,CN,2327,Gold,Terran
41,CN,2327,Gold,Protoss
41,CN,2327,Gold,Protoss
41,CN,2327,Gold,Terran
41,CN,2327,Gold,Terran
41,CN,2327,Gold,Zerg
41,CN,2327,Gold,Terran
41,CN,2327,Gold,Protoss
41,CN,2327,Gold,Protoss
41,CN,2327,Gold,Terran
41,CN,2327,Gold,Terran
41,CN,2327,Gold,Terran
41,CN,2327,Gold,Terran
41,CN,2327,Gold,Zerg
41,CN,2327,Gold,Protoss
41,CN,2327,Gold,Terran
41,CN,2327,Gold,Protoss
41,CN,2327,Gold,Protoss
41,CN,2327,Gold,Terran
41,CN,2327,Gold,Terran
41,CN,2327,Gold,Terran
41,CN,2327,Gold,Terran
41,CN,2327,Gold,Zerg
41,CN,2327,Gold,Protoss
41,CN,2327,Gold,Terran
41,CN,2327,Gold,Terran
41,CN,2327,Gold,Protoss
41,CN,2326,Gold,Terran
41,CN,2326,Gold,Zerg
41,CN,2326,Gold,Protoss
41,CN,2326,Gold,Random
41,CN,2326,Gold,Terran
41,CN,2326,Gold,Terran
41,CN,2326,Gold,Terran
41,CN,2326,Gold,Terran
41,CN,2326,Gold,Protoss
41,CN,2326,Gold,Terran
41,CN,2326,Gold,Protoss
41,CN,2326,Gold,Protoss
41,CN,2326,Gold,Zerg
41,CN,2326,Gold,Terran
41,CN,2326,Gold,Protoss
41,CN,2326,Gold,Zerg
41,CN,2326,Gold,Terran
41,CN,2326,Gold,Protoss
41,CN,2326,Gold,Terran
41,CN,2326,Gold,Zerg
41,CN,2326,Gold,Terran
41,CN,2326,Gold,Terran
41,CN,2326,Gold,Terran
41,CN,2326,Gold,Protoss
41,CN,2326,Gold,Protoss
41,CN,2326,Gold,Zerg
41,CN,2326,Gold,Terran
41,CN,2326,Gold,Terran
41,CN,2326,Gold,Protoss
41,CN,2326,Gold,Zerg
41,CN,2326,Gold,Protoss
41,CN,2326,Gold,Terran
41,CN,2326,Gold,Terran
41,CN,2326,Gold,Protoss
41,CN,2326,Gold,Random
41,CN,2326,Gold,Protoss
41,CN,2326,Gold,Terran
41,CN,2326,Gold,Zerg
41,CN,2326,Gold,Terran
41,CN,2326,Gold,Protoss
41,CN,2326,Gold,Protoss
41,CN,2326,Gold,Terran
41,CN,2326,Gold,Protoss
41,CN,2326,Gold,Zerg
41,CN,2324,Gold,Zerg
41,CN,2324,Gold,Terran
41,CN,2324,Gold,Protoss
41,CN,2324,Gold,Terran
41,CN,2324,Gold,Terran
41,CN,2324,Gold,Terran
41,CN,2324,Gold,Protoss
41,CN,2324,Gold,Terran
41,CN,2324,Gold,Terran
41,CN,2324,Gold,Terran
41,CN,2324,Gold,Terran
41,CN,2324,Gold,Zerg
41,CN,2324,Gold,Terran
41,CN,2324,Gold,Terran
41,CN,2324,Gold,Random
41,CN,2324,Gold,Protoss
41,CN,2324,Gold,Zerg
41,CN,2324,Gold,Protoss
41,CN,2324,Gold,Terran
41,CN,2324,Gold,Zerg
41,CN,2324,Gold,Zerg
41,CN,2324,Gold,Protoss
41,CN,2324,Gold,Protoss
41,CN,2324,Gold,Terran
41,CN,2324,Gold,Random
41,CN,2324,Gold,Terran
41,CN,2324,Gold,Protoss
41,CN,2324,Gold,Random
41,CN,2324,Gold,Protoss
41,CN,2324,Gold,Random
41,CN,2324,Gold,Protoss
41,CN,2324,Gold,Terran
41,CN,2324,Gold,Protoss
41,CN,2324,Gold,Protoss
41,CN,2324,Gold,Terran
41,CN,2324,Gold,Protoss
41,CN,2324,Gold,Protoss
41,CN,2324,Gold,Zerg
41,CN,2324,Gold,Protoss
41,CN,2324,Gold,Terran
41,CN,2324,Gold,Terran
41,CN,2324,Gold,Protoss
41,CN,2324,Gold,Terran
41,CN,2324,Gold,Terran
41,CN,2324,Gold,Terran
41,CN,2324,Gold,Zerg
41,CN,2324,Gold,Terran
41,CN,2324,Gold,Protoss
41,CN,2324,Gold,Protoss
41,CN,2324,Gold,Terran
41,CN,2324,Gold,Protoss
41,CN,2324,Gold,Zerg
41,CN,2324,Gold,Terran
41,CN,2324,Gold,Random
41,CN,2324,Gold,Zerg
41,CN,2324,Gold,Terran
41,CN,2324,Gold,Random
41,CN,2324,Gold,Terran
41,CN,2324,Gold,Terran
41,CN,2324,Gold,Terran
41,CN,2323,Gold,Protoss
41,CN,2323,Gold,Protoss
41,CN,2323,Gold,Terran
41,CN,2323,Gold,Terran
41,CN,2323,Gold,Zerg
41,CN,2323,Gold,Terran
41,CN,2323,Gold,Protoss
41,CN,2323,Gold,Terran
41,CN,2323,Gold,Protoss
41,CN,2323,Gold,Terran
41,CN,2323,Gold,Protoss
41,CN,2323,Gold,Terran
41,CN,2323,Gold,Terran
41,CN,2323,Gold,Terran
41,CN,2323,Gold,Protoss
41,CN,2323,Gold,Terran
41,CN,2323,Gold,Protoss
41,CN,2323,Gold,Protoss
41,CN,2323,Gold,Protoss
41,CN,2323,Gold,Protoss
41,CN,2323,Gold,Protoss
41,CN,2323,Gold,Zerg
41,CN,2323,Gold,Protoss
41,CN,2323,Gold,Terran
41,CN,2323,Gold,Zerg
41,CN,2323,Gold,Terran
41,CN,2323,Gold,Zerg
41,CN,2323,Gold,Zerg
41,CN,2323,Gold,Protoss
41,CN,2323,Gold,Terran
41,CN,2323,Gold,Protoss
41,CN,2323,Gold,Terran
41,CN,2323,Gold,Terran
41,CN,2323,Gold,Protoss
41,CN,2323,Gold,Terran
41,CN,2323,Gold,Terran
41,CN,2323,Gold,Protoss
41,CN,2323,Gold,Terran
41,CN,2323,Gold,Terran
41,CN,2323,Gold,Terran
41,CN,2321,Gold,Zerg
41,CN,2321,Gold,Protoss
41,CN,2321,Gold,Protoss
41,CN,2321,Gold,Random
41,CN,2321,Gold,Terran
41,CN,2321,Gold,Terran
41,CN,2321,Gold,Terran
41,CN,2321,Gold,Terran
41,CN,2321,Gold,Protoss
41,CN,2321,Gold,Protoss
41,CN,2321,Gold,Protoss
41,CN,2321,Gold,Terran
41,CN,2321,Gold,Terran
41,CN,2321,Gold,Protoss
41,CN,2321,Gold,Terran
41,CN,2321,Gold,Terran
41,CN,2321,Gold,Zerg
41,CN,2321,Gold,Protoss
41,CN,2321,Gold,Protoss
41,CN,2321,Gold,Terran
41,CN,2321,Gold,Zerg
41,CN,2321,Gold,Protoss
41,CN,2321,Gold,Terran
41,CN,2321,Gold,Terran
41,CN,2321,Gold,Protoss
41,CN,2321,Gold,Random
41,CN,2321,Gold,Protoss
41,CN,2321,Gold,Zerg
41,CN,2321,Gold,Zerg
41,CN,2321,Gold,Zerg
41,CN,2321,Gold,Zerg
41,CN,2321,Gold,Protoss
41,CN,2321,Gold,Protoss
41,CN,2321,Gold,Zerg
41,CN,2321,Gold,Zerg
41,CN,2321,Gold,Zerg
41,CN,2321,Gold,Terran
41,CN,2321,Gold,Terran
41,CN,2321,Gold,Zerg
41,CN,2321,Gold,Terran
41,CN,2321,Gold,Terran
41,CN,2321,Gold,Zerg
41,CN,2321,Gold,Terran
41,CN,2321,Gold,Protoss
41,CN,2321,Gold,Terran
41,CN,2321,Gold,Terran
41,CN,2321,Gold,Terran
41,CN,2321,Gold,Terran
41,CN,2321,Gold,Protoss
41,CN,2321,Gold,Terran
41,CN,2321,Gold,Terran
41,CN,2321,Gold,Zerg
41,CN,2321,Gold,Terran
41,CN,2321,Gold,Protoss
41,CN,2320,Gold,Terran
41,CN,2320,Gold,Random
41,CN,2320,Gold,Protoss
41,CN,2320,Gold,Protoss
41,CN,2320,Gold,Terran
41,CN,2320,Gold,Random
41,CN,2320,Gold,Terran
41,CN,2320,Gold,Terran
41,CN,2320,Gold,Terran
41,CN,2320,Gold,Protoss
41,CN,2320,Gold,Protoss
41,CN,2320,Gold,Protoss
41,CN,2320,Gold,Protoss
41,CN,2320,Gold,Protoss
41,CN,2320,Gold,Terran
41,CN,2320,Gold,Zerg
41,CN,2320,Gold,Protoss
41,CN,2320,Gold,Terran
41,CN,2320,Gold,Zerg
41,CN,2320,Gold,Terran
41,CN,2320,Gold,Terran
41,CN,2320,Gold,Zerg
41,CN,2320,Gold,Protoss
41,CN,2320,Gold,Zerg
41,CN,2320,Gold,Protoss
41,CN,2320,Gold,Terran
41,CN,2320,Gold,Zerg
41,CN,2320,Gold,Zerg
41,CN,2320,Gold,Random
41,CN,2320,Gold,Zerg
41,CN,2320,Gold,Protoss
41,CN,2320,Gold,Zerg
41,CN,2320,Gold,Protoss
41,CN,2320,Gold,Random
41,CN,2320,Gold,Terran
41,CN,2320,Gold,Protoss
41,CN,2320,Gold,Terran
41,CN,2320,Gold,Zerg
41,CN,2320,Gold,Zerg
41,CN,2320,Gold,Terran
41,CN,2320,Gold,Terran
41,CN,2320,Gold,Terran
41,CN,2320,Gold,Terran
41,CN,2320,Gold,Terran
41,CN,2319,Gold,Protoss
41,CN,2319,Gold,Protoss
41,CN,2317,Gold,Protoss
41,CN,2317,Gold,Zerg
41,CN,2317,Gold,Terran
41,CN,2317,Gold,Protoss
41,CN,2317,Gold,Protoss
41,CN,2317,Gold,Zerg
41,CN,2317,Gold,Terran
41,CN,2317,Gold,Terran
41,CN,2317,Gold,Random
41,CN,2317,Gold,Terran
41,CN,2317,Gold,Protoss
41,CN,2317,Gold,Terran
41,CN,2317,Gold,Zerg
41,CN,2317,Gold,Zerg
41,CN,2317,Gold,Terran
41,CN,2317,Gold,Protoss
41,CN,2317,Gold,Terran
41,CN,2317,Gold,Zerg
41,CN,2317,Gold,Protoss
41,CN,2317,Gold,Zerg
41,CN,2317,Gold,Zerg
41,CN,2317,Gold,Protoss
41,CN,2317,Gold,Zerg
41,CN,2317,Gold,Protoss
41,CN,2317,Gold,Zerg
41,CN,2317,Gold,Zerg
41,CN,2317,Gold,Protoss
41,CN,2317,Gold,Terran
41,CN,2317,Gold,Protoss
41,CN,2317,Gold,Terran
41,CN,2317,Gold,Protoss
41,CN,2317,Gold,Protoss
41,CN,2317,Gold,Zerg
41,CN,2317,Gold,Terran
41,CN,2317,Gold,Zerg
41,CN,2317,Gold,Zerg
41,CN,2317,Gold,Terran
41,CN,2317,Gold,Terran
41,CN,2317,Gold,Protoss
41,CN,2317,Gold,Terran
41,CN,2317,Gold,Terran
41,CN,2317,Gold,Zerg
41,CN,2317,Gold,Protoss
41,CN,2317,Gold,Terran
41,CN,2317,Gold,Terran
41,CN,2317,Gold,Terran
41,CN,2317,Gold,Protoss
41,CN,2317,Gold,Terran
41,CN,2317,Gold,Terran
41,CN,2317,Gold,Protoss
41,CN,2317,Gold,Zerg
41,CN,2317,Gold,Terran
41,CN,2317,Gold,Random
41,CN,2317,Gold,Protoss
41,CN,2317,Gold,Random
41,CN,2317,Gold,Protoss
41,CN,2317,Gold,Protoss
41,CN,2317,Gold,Zerg
41,CN,2317,Gold,Zerg
41,CN,2317,Gold,Terran
41,CN,2317,Gold,Zerg
41,CN,2317,Gold,Zerg
41,CN,2317,Gold,Protoss
41,CN,2317,Gold,Terran
41,CN,2316,Gold,Zerg
41,CN,2316,Gold,Terran
41,CN,2316,Gold,Zerg
41,CN,2316,Gold,Protoss
41,CN,2316,Gold,Zerg
41,CN,2316,Gold,Zerg
41,CN,2316,Gold,Zerg
41,CN,2316,Gold,Terran
41,CN,2316,Gold,Terran
41,CN,2316,Gold,Zerg
41,CN,2316,Gold,Terran
41,CN,2316,Gold,Zerg
41,CN,2316,Gold,Terran
41,CN,2316,Gold,Terran
41,CN,2316,Gold,Zerg
41,CN,2316,Gold,Protoss
41,CN,2316,Gold,Terran
41,CN,2316,Gold,Terran
41,CN,2316,Gold,Terran
41,CN,2316,Gold,Terran
41,CN,2316,Gold,Protoss
41,CN,2316,Gold,Random
41,CN,2316,Gold,Protoss
41,CN,2316,Gold,Terran
41,CN,2316,Gold,Protoss
41,CN,2316,Gold,Random
41,CN,2316,Gold,Terran
41,CN,2316,Gold,Terran
41,CN,2316,Gold,Zerg
41,CN,2316,Gold,Protoss
41,CN,2316,Gold,Terran
41,CN,2316,Gold,Terran
41,CN,2316,Gold,Terran
41,CN,2316,Gold,Terran
41,CN,2316,Gold,Random
41,CN,2316,Gold,Terran
41,CN,2314,Gold,Terran
41,CN,2314,Gold,Zerg
41,CN,2314,Gold,Zerg
41,CN,2314,Gold,Zerg
41,CN,2314,Gold,Terran
41,CN,2314,Gold,Random
41,CN,2314,Gold,Protoss
41,CN,2314,Gold,Protoss
41,CN,2314,Gold,Protoss
41,CN,2314,Gold,Protoss
41,CN,2314,Gold,Terran
41,CN,2314,Gold,Terran
41,CN,2314,Gold,Terran
41,CN,2314,Gold,Terran
41,CN,2314,Gold,Protoss
41,CN,2314,Gold,Terran
41,CN,2314,Gold,Protoss
41,CN,2314,Gold,Zerg
41,CN,2314,Gold,Terran
41,CN,2314,Gold,Terran
41,CN,2314,Gold,Protoss
41,CN,2314,Gold,Protoss
41,CN,2314,Gold,Terran
41,CN,2314,Gold,Random
41,CN,2314,Gold,Terran
41,CN,2314,Gold,Protoss
41,CN,2314,Gold,Terran
41,CN,2314,Gold,Protoss
41,CN,2314,Gold,Terran
41,CN,2314,Gold,Terran
41,CN,2314,Gold,Protoss
41,CN,2314,Gold,Terran
41,CN,2314,Gold,Protoss
41,CN,2314,Gold,Protoss
41,CN,2314,Gold,Terran
41,CN,2314,Gold,Terran
41,CN,2314,Gold,Terran
41,CN,2314,Gold,Terran
41,CN,2314,Gold,Zerg
41,CN,2314,Gold,Zerg
41,CN,2314,Gold,Terran
41,CN,2314,Gold,Protoss
41,CN,2314,Gold,Protoss
41,CN,2314,Gold,Terran
41,CN,2314,Gold,Zerg
41,CN,2314,Gold,Terran
41,CN,2314,Gold,Protoss
41,CN,2314,Gold,Protoss
41,CN,2314,Gold,Zerg
41,CN,2314,Gold,Zerg
41,CN,2314,Gold,Protoss
41,CN,2314,Gold,Terran
41,CN,2314,Gold,Protoss
41,CN,2314,Gold,Protoss
41,CN,2314,Gold,Zerg
41,CN,2314,Gold,Terran
41,CN,2314,Gold,Protoss
41,CN,2314,Gold,Protoss
41,CN,2314,Gold,Terran
41,CN,2314,Gold,Protoss
41,CN,2314,Gold,Protoss
41,CN,2314,Gold,Zerg
41,CN,2314,Gold,Terran
41,CN,2314,Gold,Terran
41,CN,2314,Gold,Terran
41,CN,2313,Gold,Terran
41,CN,2313,Gold,Protoss
41,CN,2313,Gold,Protoss
41,CN,2313,Gold,Protoss
41,CN,2313,Gold,Terran
41,CN,2313,Gold,Random
41,CN,2313,Gold,Protoss
41,CN,2313,Gold,Terran
41,CN,2313,Gold,Terran
41,CN,2313,Gold,Terran
41,CN,2313,Gold,Protoss
41,CN,2313,Gold,Protoss
41,CN,2313,Gold,Terran
41,CN,2313,Gold,Zerg
41,CN,2313,Gold,Protoss
41,CN,2313,Gold,Terran
41,CN,2313,Gold,Terran
41,CN,2313,Gold,Protoss
41,CN,2313,Gold,Protoss
41,CN,2313,Gold,Terran
41,CN,2313,Gold,Protoss
41,CN,2313,Gold,Terran
41,CN,2313,Gold,Terran
41,CN,2313,Gold,Terran
41,CN,2313,Gold,Random
41,CN,2313,Gold,Protoss
41,CN,2313,Gold,Terran
41,CN,2313,Gold,Random
41,CN,2313,Gold,Zerg
41,CN,2313,Gold,Terran
41,CN,2313,Gold,Protoss
41,CN,2313,Gold,Terran
41,CN,2313,Gold,Terran
41,CN,2313,Gold,Terran
41,CN,2313,Gold,Zerg
41,CN,2311,Gold,Protoss
41,CN,2311,Gold,Protoss
41,CN,2311,Gold,Terran
41,CN,2311,Gold,Random
41,CN,2311,Gold,Terran
41,CN,2311,Gold,Zerg
41,CN,2311,Gold,Zerg
41,CN,2311,Gold,Protoss
41,CN,2311,Gold,Protoss
41,CN,2311,Gold,Terran
41,CN,2311,Gold,Terran
41,CN,2311,Gold,Terran
41,CN,2311,Gold,Zerg
41,CN,2311,Gold,Terran
41,CN,2311,Gold,Protoss
41,CN,2311,Gold,Protoss
41,CN,2311,Gold,Protoss
41,CN,2311,Gold,Terran
41,CN,2311,Gold,Zerg
41,CN,2311,Gold,Protoss
41,CN,2311,Gold,Random
41,CN,2311,Gold,Terran
41,CN,2311,Gold,Protoss
41,CN,2311,Gold,Protoss
41,CN,2311,Gold,Zerg
41,CN,2311,Gold,Terran
41,CN,2311,Gold,Zerg
41,CN,2311,Gold,Protoss
41,CN,2311,Gold,Terran
41,CN,2311,Gold,Terran
41,CN,2311,Gold,Protoss
41,CN,2311,Gold,Terran
41,CN,2311,Gold,Protoss
41,CN,2311,Gold,Protoss
41,CN,2311,Gold,Zerg
41,CN,2311,Gold,Random
41,CN,2311,Gold,Terran
41,CN,2311,Gold,Protoss
41,CN,2311,Gold,Protoss
41,CN,2311,Gold,Terran
41,CN,2311,Gold,Protoss
41,CN,2311,Gold,Protoss
41,CN,2311,Gold,Terran
41,CN,2311,Gold,Terran
41,CN,2311,Gold,Protoss
41,CN,2311,Gold,Terran
41,CN,2311,Gold,Protoss
41,CN,2311,Gold,Zerg
41,CN,2311,Gold,Terran
41,CN,2311,Gold,Terran
41,CN,2311,Gold,Protoss
41,CN,2311,Gold,Random
41,CN,2311,Gold,Zerg
41,CN,2311,Gold,Terran
41,CN,2311,Gold,Protoss
41,CN,2311,Gold,Protoss
41,CN,2311,Gold,Terran
41,CN,2311,Gold,Random
41,CN,2311,Gold,Zerg
41,CN,2311,Gold,Zerg
41,CN,2311,Gold,Protoss
41,CN,2311,Gold,Random
41,CN,2311,Gold,Terran
41,CN,2311,Gold,Terran
41,CN,2311,Gold,Zerg
41,CN,2311,Gold,Terran
41,CN,2311,Gold,Terran
41,CN,2311,Gold,Terran
41,CN,2311,Gold,Protoss
41,CN,2311,Gold,Terran
41,CN,2311,Gold,Zerg
41,CN,2310,Gold,Protoss
41,CN,2310,Gold,Terran
41,CN,2310,Gold,Protoss
41,CN,2310,Gold,Terran
41,CN,2310,Gold,Terran
41,CN,2310,Gold,Terran
41,CN,2310,Gold,Terran
41,CN,2310,Gold,Protoss
41,CN,2310,Gold,Terran
41,CN,2310,Gold,Terran
41,CN,2310,Gold,Protoss
41,CN,2310,Gold,Zerg
41,CN,2310,Gold,Random
41,CN,2310,Gold,Protoss
41,CN,2310,Gold,Terran
41,CN,2310,Gold,Terran
41,CN,2310,Gold,Zerg
41,CN,2310,Gold,Zerg
41,CN,2310,Gold,Protoss
41,CN,2310,Gold,Zerg
41,CN,2310,Gold,Terran
41,CN,2310,Gold,Terran
41,CN,2310,Gold,Protoss
41,CN,2310,Gold,Zerg
41,CN,2310,Gold,Terran
41,CN,2310,Gold,Protoss
41,CN,2310,Gold,Terran
41,CN,2310,Gold,Protoss
41,CN,2310,Gold,Zerg
41,CN,2308,Gold,Terran
41,CN,2308,Gold,Protoss
41,CN,2308,Gold,Zerg
41,CN,2308,Gold,Terran
41,CN,2308,Gold,Terran
41,CN,2308,Gold,Zerg
41,CN,2308,Gold,Protoss
41,CN,2308,Gold,Random
41,CN,2308,Gold,Terran
41,CN,2308,Gold,Zerg
41,CN,2308,Gold,Random
41,CN,2308,Gold,Protoss
41,CN,2308,Gold,Zerg
41,CN,2308,Gold,Terran
41,CN,2308,Gold,Zerg
41,CN,2308,Gold,Terran
41,CN,2308,Gold,Zerg
41,CN,2308,Gold,Terran
41,CN,2308,Gold,Terran
41,CN,2308,Gold,Zerg
41,CN,2308,Gold,Zerg
41,CN,2308,Gold,Zerg
41,CN,2308,Gold,Random
41,CN,2308,Gold,Protoss
41,CN,2308,Gold,Terran
41,CN,2308,Gold,Zerg
41,CN,2308,Gold,Zerg
41,CN,2308,Gold,Random
41,CN,2308,Gold,Terran
41,CN,2308,Gold,Terran
41,CN,2308,Gold,Terran
41,CN,2308,Gold,Protoss
41,CN,2308,Gold,Terran
41,CN,2308,Gold,Terran
41,CN,2308,Gold,Random
41,CN,2308,Gold,Zerg
41,CN,2308,Gold,Protoss
41,CN,2308,Gold,Terran
41,CN,2308,Gold,Zerg
41,CN,2308,Gold,Protoss
41,CN,2308,Gold,Terran
41,CN,2308,Gold,Protoss
41,CN,2308,Gold,Terran
41,CN,2308,Gold,Protoss
41,CN,2308,Gold,Terran
41,CN,2308,Gold,Terran
41,CN,2308,Gold,Protoss
41,CN,2308,Gold,Zerg
41,CN,2308,Gold,Protoss
41,CN,2308,Gold,Terran
41,CN,2308,Gold,Protoss
41,CN,2308,Gold,Zerg
41,CN,2308,Gold,Zerg
41,CN,2308,Gold,Protoss
41,CN,2308,Gold,Zerg
41,CN,2308,Gold,Terran
41,CN,2308,Gold,Protoss
41,CN,2308,Gold,Terran
41,CN,2308,Gold,Protoss
41,CN,2308,Gold,Terran
41,CN,2308,Gold,Terran
41,CN,2308,Gold,Zerg
41,CN,2308,Gold,Protoss
41,CN,2308,Gold,Terran
41,CN,2307,Gold,Terran
41,CN,2307,Gold,Terran
41,CN,2307,Gold,Protoss
41,CN,2307,Gold,Protoss
41,CN,2307,Gold,Terran
41,CN,2307,Gold,Protoss
41,CN,2307,Gold,Random
41,CN,2307,Gold,Protoss
41,CN,2307,Gold,Terran
41,CN,2307,Gold,Protoss
41,CN,2307,Gold,Zerg
41,CN,2307,Gold,Zerg
41,CN,2307,Gold,Protoss
41,CN,2307,Gold,Zerg
41,CN,2307,Gold,Zerg
41,CN,2307,Gold,Random
41,CN,2307,Gold,Terran
41,CN,2307,Gold,Terran
41,CN,2307,Gold,Protoss
41,CN,2307,Gold,Zerg
41,CN,2307,Gold,Terran
41,CN,2307,Gold,Zerg
41,CN,2307,Gold,Protoss
41,CN,2307,Gold,Terran
41,CN,2307,Gold,Protoss
41,CN,2307,Gold,Protoss
41,CN,2307,Gold,Protoss
41,CN,2307,Gold,Protoss
41,CN,2307,Gold,Terran
41,CN,2307,Gold,Protoss
41,CN,2307,Gold,Terran
41,CN,2307,Gold,Terran
41,CN,2307,Gold,Protoss
41,CN,2307,Gold,Protoss
41,CN,2307,Gold,Terran
41,CN,2307,Gold,Zerg
41,CN,2305,Gold,Terran
41,CN,2305,Gold,Zerg
41,CN,2305,Gold,Protoss
41,CN,2305,Gold,Protoss
41,CN,2305,Gold,Protoss
41,CN,2305,Gold,Zerg
41,CN,2305,Gold,Terran
41,CN,2305,Gold,Terran
41,CN,2305,Gold,Terran
41,CN,2305,Gold,Terran
41,CN,2305,Gold,Terran
41,CN,2305,Gold,Protoss
41,CN,2305,Gold,Zerg
41,CN,2305,Gold,Protoss
41,CN,2305,Gold,Terran
41,CN,2305,Gold,Terran
41,CN,2305,Gold,Protoss
41,CN,2305,Gold,Protoss
41,CN,2305,Gold,Terran
41,CN,2305,Gold,Terran
41,CN,2305,Gold,Terran
41,CN,2305,Gold,Zerg
41,CN,2305,Gold,Terran
41,CN,2305,Gold,Terran
41,CN,2305,Gold,Terran
41,CN,2305,Gold,Terran
41,CN,2305,Gold,Protoss
41,CN,2305,Gold,Terran
41,CN,2305,Gold,Terran
41,CN,2305,Gold,Terran
41,CN,2305,Gold,Protoss
41,CN,2305,Gold,Zerg
41,CN,2305,Gold,Terran
41,CN,2305,Gold,Zerg
41,CN,2305,Gold,Protoss
41,CN,2305,Gold,Zerg
41,CN,2305,Gold,Terran
41,CN,2305,Gold,Protoss
41,CN,2305,Gold,Terran
41,CN,2305,Gold,Protoss
41,CN,2305,Gold,Terran
41,CN,2305,Gold,Terran
41,CN,2305,Gold,Zerg
41,CN,2304,Gold,Protoss
41,CN,2304,Gold,Protoss
41,CN,2304,Gold,Zerg
41,CN,2304,Gold,Zerg
41,CN,2304,Gold,Protoss
41,CN,2304,Gold,Protoss
41,CN,2304,Gold,Protoss
41,CN,2304,Gold,Terran
41,CN,2304,Gold,Terran
41,CN,2304,Gold,Protoss
41,CN,2304,Gold,Terran
41,CN,2304,Gold,Terran
41,CN,2304,Gold,Protoss
41,CN,2304,Gold,Protoss
41,CN,2304,Gold,Protoss
41,CN,2304,Gold,Protoss
41,CN,2304,Gold,Zerg
41,CN,2304,Gold,Zerg
41,CN,2304,Gold,Terran
41,CN,2304,Gold,Protoss
41,CN,2304,Gold,Zerg
41,CN,2304,Gold,Terran
41,CN,2304,Gold,Protoss
41,CN,2304,Gold,Terran
41,CN,2304,Gold,Zerg
41,CN,2304,Gold,Terran
41,CN,2304,Gold,Protoss
41,CN,2304,Gold,Protoss
41,CN,2304,Gold,Protoss
41,CN,2304,Gold,Protoss
41,CN,2304,Gold,Terran
41,CN,2304,Gold,Protoss
41,CN,2304,Gold,Terran
41,CN,2304,Gold,Terran
41,CN,2304,Gold,Protoss
41,CN,2304,Gold,Terran
41,CN,2304,Gold,Protoss
41,CN,2304,Gold,Terran
41,CN,2304,Gold,Terran
41,CN,2304,Gold,Terran
41,CN,2304,Gold,Protoss
41,CN,2304,Gold,Zerg
41,CN,2304,Gold,Protoss
41,CN,2304,Gold,Zerg
41,CN,2304,Gold,Terran
41,CN,2304,Gold,Protoss
41,CN,2304,Gold,Terran
41,CN,2304,Gold,Protoss
41,CN,2304,Gold,Terran
41,CN,2304,Gold,Terran
41,CN,2304,Gold,Terran
41,CN,2304,Gold,Protoss
41,CN,2303,Gold,Protoss
41,CN,2303,Gold,Terran
41,CN,2303,Gold,Protoss
41,CN,2303,Gold,Protoss
41,CN,2303,Gold,Terran
41,CN,2301,Gold,Terran
41,CN,2301,Gold,Random
41,CN,2301,Gold,Zerg
41,CN,2301,Gold,Terran
41,CN,2301,Gold,Protoss
41,CN,2301,Gold,Protoss
41,CN,2301,Gold,Protoss
41,CN,2301,Gold,Protoss
41,CN,2301,Gold,Protoss
41,CN,2301,Gold,Protoss
41,CN,2301,Gold,Terran
41,CN,2301,Gold,Zerg
41,CN,2301,Gold,Terran
41,CN,2301,Gold,Terran
41,CN,2301,Gold,Zerg
41,CN,2301,Gold,Terran
41,CN,2301,Gold,Protoss
41,CN,2301,Gold,Zerg
41,CN,2301,Gold,Protoss
41,CN,2301,Gold,Random
41,CN,2301,Gold,Terran
41,CN,2301,Gold,Protoss
41,CN,2301,Gold,Terran
41,CN,2301,Gold,Protoss
41,CN,2301,Gold,Terran
41,CN,2301,Gold,Terran
41,CN,2301,Gold,Protoss
41,CN,2301,Gold,Terran
41,CN,2301,Gold,Protoss
41,CN,2301,Gold,Zerg
41,CN,2301,Gold,Terran
41,CN,2301,Gold,Zerg
41,CN,2301,Gold,Terran
41,CN,2301,Gold,Protoss
41,CN,2301,Gold,Terran
41,CN,2301,Gold,Zerg
41,CN,2301,Gold,Terran
41,CN,2301,Gold,Terran
41,CN,2301,Gold,Protoss
41,CN,2301,Gold,Terran
41,CN,2301,Gold,Protoss
41,CN,2301,Gold,Random
41,CN,2301,Gold,Protoss
41,CN,2301,Gold,Terran
41,CN,2301,Gold,Terran
41,CN,2301,Gold,Protoss
41,CN,2301,Gold,Terran
41,CN,2301,Gold,Terran
41,CN,2301,Gold,Terran
41,CN,2301,Gold,Zerg
41,CN,2301,Gold,Protoss
41,CN,2301,Gold,Zerg
41,CN,2301,Gold,Protoss
41,CN,2301,Gold,Protoss
41,CN,2301,Gold,Protoss
41,CN,2301,Gold,Protoss
41,CN,2300,Gold,Zerg
41,CN,2300,Gold,Terran
41,CN,2300,Gold,Terran
41,CN,2300,Gold,Protoss
41,CN,2300,Gold,Random
41,CN,2300,Gold,Terran
41,CN,2300,Gold,Terran
41,CN,2300,Gold,Protoss
41,CN,2300,Gold,Random
41,CN,2300,Gold,Terran
41,CN,2300,Gold,Terran
41,CN,2300,Gold,Terran
41,CN,2300,Gold,Zerg
41,CN,2300,Gold,Protoss
41,CN,2300,Gold,Terran
41,CN,2300,Gold,Protoss
41,CN,2300,Gold,Zerg
41,CN,2300,Gold,Protoss
41,CN,2300,Gold,Protoss
41,CN,2300,Gold,Terran
41,CN,2300,Gold,Protoss
41,CN,2300,Gold,Zerg
41,CN,2300,Gold,Protoss
41,CN,2300,Gold,Protoss
41,CN,2300,Gold,Protoss
41,CN,2300,Gold,Protoss
41,CN,2300,Gold,Protoss
41,CN,2300,Gold,Terran
41,CN,2300,Gold,Terran
41,CN,2300,Gold,Protoss
41,CN,2300,Gold,Random
41,CN,2300,Gold,Zerg
41,CN,2300,Gold,Zerg
41,CN,2300,Gold,Protoss
41,CN,2300,Gold,Protoss
41,CN,2300,Gold,Zerg
41,CN,2300,Gold,Zerg
41,CN,2300,Gold,Protoss
41,CN,2300,Gold,Protoss
41,CN,2300,Gold,Zerg
41,CN,2300,Gold,Protoss
41,CN,2300,Gold,Protoss
41,CN,2300,Gold,Terran
41,CN,2300,Gold,Random
41,CN,2298,Gold,Protoss
41,CN,2298,Gold,Protoss
41,CN,2298,Gold,Random
41,CN,2298,Gold,Zerg
41,CN,2298,Gold,Protoss
41,CN,2298,Gold,Protoss
41,CN,2298,Gold,Terran
41,CN,2298,Gold,Terran
41,CN,2298,Gold,Terran
41,CN,2298,Gold,Protoss
41,CN,2298,Gold,Protoss
41,CN,2298,Gold,Terran
41,CN,2298,Gold,Terran
41,CN,2298,Gold,Terran
41,CN,2298,Gold,Zerg
41,CN,2298,Gold,Terran
41,CN,2298,Gold,Protoss
41,CN,2298,Gold,Protoss
41,CN,2298,Gold,Zerg
41,CN,2298,Gold,Terran
41,CN,2298,Gold,Terran
41,CN,2298,Gold,Protoss
41,CN,2298,Gold,Zerg
41,CN,2298,Gold,Protoss
41,CN,2298,Gold,Terran
41,CN,2298,Gold,Protoss
41,CN,2298,Gold,Terran
41,CN,2298,Gold,Terran
41,CN,2298,Gold,Zerg
41,CN,2298,Gold,Zerg
41,CN,2298,Gold,Protoss
41,CN,2298,Gold,Zerg
41,CN,2298,Gold,Protoss
41,CN,2298,Gold,Terran
41,CN,2298,Gold,Random
41,CN,2298,Gold,Protoss
41,CN,2298,Gold,Zerg
41,CN,2298,Gold,Terran
41,CN,2298,Gold,Zerg
41,CN,2298,Gold,Terran
41,CN,2298,Gold,Protoss
41,CN,2298,Gold,Protoss
41,CN,2298,Gold,Terran
41,CN,2298,Gold,Terran
41,CN,2298,Gold,Terran
41,CN,2298,Gold,Random
41,CN,2298,Gold,Zerg
41,CN,2298,Gold,Protoss
41,CN,2298,Gold,Zerg
41,CN,2297,Gold,Terran
41,CN,2297,Gold,Terran
41,CN,2297,Gold,Terran
41,CN,2297,Gold,Terran
41,CN,2297,Gold,Protoss
41,CN,2297,Gold,Random
41,CN,2297,Gold,Terran
41,CN,2297,Gold,Protoss
41,CN,2297,Gold,Terran
41,CN,2297,Gold,Protoss
41,CN,2297,Gold,Terran
41,CN,2297,Gold,Protoss
41,CN,2297,Gold,Protoss
41,CN,2297,Gold,Terran
41,CN,2297,Gold,Zerg
41,CN,2297,Gold,Protoss
41,CN,2297,Gold,Terran
41,CN,2297,Gold,Protoss
41,CN,2297,Gold,Protoss
41,CN,2297,Gold,Protoss
41,CN,2297,Gold,Terran
41,CN,2297,Gold,Terran
41,CN,2297,Gold,Terran
41,CN,2297,Gold,Terran
41,CN,2297,Gold,Protoss
41,CN,2297,Gold,Protoss
41,CN,2297,Gold,Terran
41,CN,2297,Gold,Terran
41,CN,2297,Gold,Zerg
41,CN,2297,Gold,Protoss
41,CN,2297,Gold,Zerg
41,CN,2297,Gold,Terran
41,CN,2297,Gold,Terran
41,CN,2297,Gold,Terran
41,CN,2297,Gold,Zerg
41,CN,2297,Gold,Protoss
41,CN,2297,Gold,Terran
41,CN,2297,Gold,Protoss
41,CN,2297,Gold,Terran
41,CN,2297,Gold,Zerg
41,CN,2297,Gold,Terran
41,CN,2297,Gold,Terran
41,CN,2297,Gold,Terran
41,CN,2297,Gold,Terran
41,CN,2297,Gold,Protoss
41,CN,2297,Gold,Terran
41,CN,2297,Gold,Zerg
41,CN,2297,Gold,Random
41,CN,2297,Gold,Terran
41,CN,2297,Gold,Zerg
41,CN,2297,Gold,Zerg
41,CN,2295,Gold,Zerg
41,CN,2295,Gold,Protoss
41,CN,2295,Gold,Terran
41,CN,2295,Gold,Zerg
41,CN,2295,Gold,Protoss
41,CN,2295,Gold,Protoss
41,CN,2295,Gold,Zerg
41,CN,2295,Gold,Terran
41,CN,2295,Gold,Terran
41,CN,2295,Gold,Zerg
41,CN,2295,Gold,Zerg
41,CN,2295,Gold,Terran
41,CN,2295,Gold,Protoss
41,CN,2295,Gold,Protoss
41,CN,2295,Gold,Zerg
41,CN,2295,Gold,Zerg
41,CN,2295,Gold,Protoss
41,CN,2295,Gold,Terran
41,CN,2295,Gold,Zerg
41,CN,2295,Gold,Zerg
41,CN,2295,Gold,Protoss
41,CN,2295,Gold,Zerg
41,CN,2295,Gold,Terran
41,CN,2295,Gold,Terran
41,CN,2295,Gold,Terran
41,CN,2295,Gold,Protoss
41,CN,2295,Gold,Zerg
41,CN,2295,Gold,Protoss
41,CN,2295,Gold,Terran
41,CN,2295,Gold,Terran
41,CN,2295,Gold,Zerg
41,CN,2295,Gold,Protoss
41,CN,2295,Gold,Protoss
41,CN,2295,Gold,Protoss
41,CN,2295,Gold,Terran
41,CN,2295,Gold,Protoss
41,CN,2295,Gold,Protoss
41,CN,2295,Gold,Random
41,CN,2295,Gold,Protoss
41,CN,2295,Gold,Protoss
41,CN,2295,Gold,Zerg
41,CN,2295,Gold,Random
41,CN,2295,Gold,Terran
41,CN,2295,Gold,Protoss
41,CN,2295,Gold,Protoss
41,CN,2295,Gold,Protoss
41,CN,2294,Gold,Terran
41,CN,2294,Gold,Zerg
41,CN,2294,Gold,Terran
41,CN,2294,Gold,Terran
41,CN,2294,Gold,Zerg
41,CN,2294,Gold,Terran
41,CN,2294,Gold,Terran
41,CN,2294,Gold,Protoss
41,CN,2294,Gold,Zerg
41,CN,2294,Gold,Protoss
41,CN,2294,Gold,Protoss
41,CN,2294,Gold,Zerg
41,CN,2294,Gold,Random
41,CN,2294,Gold,Random
41,CN,2294,Gold,Terran
41,CN,2294,Gold,Terran
41,CN,2294,Gold,Protoss
41,CN,2294,Gold,Zerg
41,CN,2294,Gold,Terran
41,CN,2294,Gold,Protoss
41,CN,2294,Gold,Terran
41,CN,2294,Gold,Terran
41,CN,2294,Gold,Protoss
41,CN,2294,Gold,Zerg
41,CN,2294,Gold,Random
41,CN,2294,Gold,Zerg
41,CN,2294,Gold,Terran
41,CN,2294,Gold,Protoss
41,CN,2294,Gold,Zerg
41,CN,2294,Gold,Protoss
41,CN,2294,Gold,Terran
41,CN,2294,Gold,Protoss
41,CN,2294,Gold,Zerg
41,CN,2294,Gold,Protoss
41,CN,2294,Gold,Terran
41,CN,2294,Gold,Terran
41,CN,2294,Gold,Terran
41,CN,2294,Gold,Zerg
41,CN,2294,Gold,Protoss
41,CN,2294,Gold,Zerg
41,CN,2293,Gold,Terran
41,CN,2293,Gold,Random
41,CN,2293,Gold,Terran
41,CN,2293,Gold,Terran
41,CN,2293,Gold,Protoss
41,CN,2293,Gold,Terran
41,CN,2293,Gold,Protoss
41,CN,2293,Gold,Random
41,CN,2293,Gold,Terran
41,CN,2293,Gold,Terran
41,CN,2293,Gold,Terran
41,CN,2293,Gold,Protoss
41,CN,2293,Gold,Terran
41,CN,2293,Gold,Protoss
41,CN,2291,Gold,Zerg
41,CN,2291,Gold,Zerg
41,CN,2291,Gold,Random
41,CN,2291,Gold,Terran
41,CN,2291,Gold,Zerg
41,CN,2291,Gold,Protoss
41,CN,2291,Gold,Zerg
41,CN,2291,Gold,Protoss
41,CN,2291,Gold,Zerg
41,CN,2291,Gold,Terran
41,CN,2291,Gold,Protoss
41,CN,2291,Gold,Protoss
41,CN,2291,Gold,Protoss
41,CN,2291,Gold,Terran
41,CN,2291,Gold,Zerg
41,CN,2291,Gold,Zerg
41,CN,2291,Gold,Protoss
41,CN,2291,Gold,Terran
41,CN,2291,Gold,Zerg
41,CN,2291,Gold,Terran
41,CN,2291,Gold,Terran
41,CN,2291,Gold,Protoss
41,CN,2291,Gold,Protoss
41,CN,2291,Gold,Protoss
41,CN,2291,Gold,Protoss
41,CN,2291,Gold,Terran
41,CN,2291,Gold,Terran
41,CN,2291,Gold,Protoss
41,CN,2291,Gold,Protoss
41,CN,2291,Gold,Zerg
41,CN,2291,Gold,Protoss
41,CN,2291,Gold,Zerg
41,CN,2291,Gold,Protoss
41,CN,2291,Gold,Protoss
41,CN,2291,Gold,Zerg
41,CN,2291,Gold,Terran
41,CN,2291,Gold,Terran
41,CN,2291,Gold,Terran
41,CN,2291,Gold,Zerg
41,CN,2291,Gold,Random
41,CN,2291,Gold,Protoss
41,CN,2291,Gold,Zerg
41,CN,2291,Gold,Random
41,CN,2291,Gold,Terran
41,CN,2291,Gold,Protoss
41,CN,2291,Gold,Terran
41,CN,2291,Gold,Zerg
41,CN,2291,Gold,Terran
41,CN,2291,Gold,Protoss
41,CN,2290,Gold,Protoss
41,CN,2290,Gold,Terran
41,CN,2290,Gold,Terran
41,CN,2290,Gold,Terran
41,CN,2290,Gold,Terran
41,CN,2290,Gold,Protoss
41,CN,2290,Gold,Protoss
41,CN,2290,Gold,Terran
41,CN,2290,Gold,Zerg
41,CN,2290,Gold,Protoss
41,CN,2290,Gold,Terran
41,CN,2290,Gold,Protoss
41,CN,2290,Gold,Zerg
41,CN,2290,Gold,Terran
41,CN,2290,Gold,Zerg
41,CN,2290,Gold,Terran
41,CN,2290,Gold,Protoss
41,CN,2290,Gold,Terran
41,CN,2290,Gold,Protoss
41,CN,2290,Gold,Terran
41,CN,2290,Gold,Protoss
41,CN,2290,Gold,Protoss
41,CN,2290,Gold,Protoss
41,CN,2290,Gold,Protoss
41,CN,2290,Gold,Protoss
41,CN,2290,Gold,Terran
41,CN,2290,Gold,Zerg
41,CN,2290,Gold,Terran
41,CN,2290,Gold,Terran
41,CN,2290,Gold,Protoss
41,CN,2290,Gold,Terran
41,CN,2290,Gold,Terran
41,CN,2290,Gold,Zerg
41,CN,2290,Gold,Protoss
41,CN,2290,Gold,Terran
41,CN,2290,Gold,Terran
41,CN,2290,Gold,Zerg
41,CN,2290,Gold,Protoss
41,CN,2290,Gold,Protoss
41,CN,2290,Gold,Protoss
41,CN,2290,Gold,Protoss
41,CN,2290,Gold,Zerg
41,CN,2290,Gold,Zerg
41,CN,2290,Gold,Protoss
41,CN,2290,Gold,Protoss
41,CN,2290,Gold,Protoss
41,CN,2290,Gold,Random
41,CN,2290,Gold,Terran
41,CN,2290,Gold,Terran
41,CN,2290,Gold,Protoss
41,CN,2290,Gold,Zerg
41,CN,2288,Gold,Terran
41,CN,2288,Gold,Zerg
41,CN,2288,Gold,Zerg
41,CN,2288,Gold,Zerg
41,CN,2288,Gold,Protoss
41,CN,2288,Gold,Protoss
41,CN,2288,Gold,Zerg
41,CN,2288,Gold,Random
41,CN,2288,Gold,Protoss
41,CN,2288,Gold,Terran
41,CN,2288,Gold,Terran
41,CN,2288,Gold,Protoss
41,CN,2288,Gold,Terran
41,CN,2288,Gold,Zerg
41,CN,2288,Gold,Zerg
41,CN,2288,Gold,Zerg
41,CN,2288,Gold,Protoss
41,CN,2288,Gold,Protoss
41,CN,2288,Gold,Protoss
41,CN,2288,Gold,Protoss
41,CN,2288,Gold,Terran
41,CN,2288,Gold,Zerg
41,CN,2288,Gold,Terran
41,CN,2288,Gold,Protoss
41,CN,2288,Gold,Zerg
41,CN,2288,Gold,Protoss
41,CN,2288,Gold,Protoss
41,CN,2288,Gold,Terran
41,CN,2288,Gold,Terran
41,CN,2288,Gold,Terran
41,CN,2288,Gold,Protoss
41,CN,2288,Gold,Protoss
41,CN,2288,Gold,Terran
41,CN,2288,Gold,Random
41,CN,2288,Gold,Terran
41,CN,2288,Gold,Random
41,CN,2288,Gold,Zerg
41,CN,2288,Gold,Random
41,CN,2288,Gold,Terran
41,CN,2288,Gold,Protoss
41,CN,2288,Gold,Random
41,CN,2288,Gold,Zerg
41,CN,2288,Gold,Protoss
41,CN,2288,Gold,Terran
41,CN,2288,Gold,Random
41,CN,2288,Gold,Zerg
41,CN,2288,Gold,Terran
41,CN,2288,Gold,Protoss
41,CN,2288,Gold,Zerg
41,CN,2288,Gold,Terran
41,CN,2288,Gold,Terran
41,CN,2288,Gold,Terran
41,CN,2288,Gold,Protoss
41,CN,2288,Gold,Protoss
41,CN,2288,Gold,Zerg
41,CN,2288,Gold,Zerg
41,CN,2288,Gold,Zerg
41,CN,2288,Gold,Protoss
41,CN,2288,Gold,Protoss
41,CN,2287,Gold,Terran
41,CN,2287,Gold,Protoss
41,CN,2287,Gold,Protoss
41,CN,2287,Gold,Protoss
41,CN,2287,Gold,Protoss
41,CN,2287,Gold,Protoss
41,CN,2287,Gold,Protoss
41,CN,2287,Gold,Zerg
41,CN,2287,Gold,Terran
41,CN,2287,Gold,Terran
41,CN,2287,Gold,Terran
41,CN,2287,Gold,Random
41,CN,2287,Gold,Terran
41,CN,2287,Gold,Protoss
41,CN,2287,Gold,Protoss
41,CN,2287,Gold,Terran
41,CN,2287,Gold,Terran
41,CN,2287,Gold,Zerg
41,CN,2287,Gold,Protoss
41,CN,2287,Gold,Protoss
41,CN,2287,Gold,Terran
41,CN,2287,Gold,Protoss
41,CN,2287,Gold,Random
41,CN,2287,Gold,Terran
41,CN,2287,Gold,Protoss
41,CN,2287,Gold,Zerg
41,CN,2287,Gold,Terran
41,CN,2287,Gold,Protoss
41,CN,2287,Gold,Random
41,CN,2287,Gold,Terran
41,CN,2287,Gold,Protoss
41,CN,2287,Gold,Terran
41,CN,2287,Gold,Terran
41,CN,2287,Gold,Terran
41,CN,2287,Gold,Protoss
41,CN,2287,Gold,Zerg
41,CN,2287,Gold,Protoss
41,CN,2287,Gold,Terran
41,CN,2287,Gold,Protoss
41,CN,2287,Gold,Terran
41,CN,2287,Gold,Zerg
41,CN,2285,Gold,Protoss
41,CN,2285,Gold,Zerg
41,CN,2285,Gold,Protoss
41,CN,2285,Gold,Protoss
41,CN,2285,Gold,Zerg
41,CN,2285,Gold,Terran
41,CN,2285,Gold,Protoss
41,CN,2285,Gold,Terran
41,CN,2285,Gold,Zerg
41,CN,2285,Gold,Zerg
41,CN,2285,Gold,Terran
41,CN,2285,Gold,Terran
41,CN,2285,Gold,Protoss
41,CN,2285,Gold,Protoss
41,CN,2285,Gold,Protoss
41,CN,2285,Gold,Terran
41,CN,2285,Gold,Terran
41,CN,2285,Gold,Terran
41,CN,2285,Gold,Protoss
41,CN,2285,Gold,Protoss
41,CN,2285,Gold,Zerg
41,CN,2285,Gold,Protoss
41,CN,2285,Gold,Terran
41,CN,2285,Gold,Zerg
41,CN,2285,Gold,Zerg
41,CN,2285,Gold,Terran
41,CN,2285,Gold,Terran
41,CN,2285,Gold,Terran
41,CN,2285,Gold,Protoss
41,CN,2285,Gold,Zerg
41,CN,2285,Gold,Zerg
41,CN,2285,Gold,Protoss
41,CN,2285,Gold,Terran
41,CN,2285,Gold,Protoss
41,CN,2285,Gold,Terran
41,CN,2285,Gold,Random
41,CN,2285,Gold,Protoss
41,CN,2285,Gold,Zerg
41,CN,2285,Gold,Protoss
41,CN,2285,Gold,Terran
41,CN,2285,Gold,Terran
41,CN,2285,Gold,Terran
41,CN,2285,Gold,Protoss
41,CN,2285,Gold,Protoss
41,CN,2285,Gold,Random
41,CN,2285,Gold,Protoss
41,CN,2285,Gold,Protoss
41,CN,2285,Gold,Terran
41,CN,2285,Gold,Protoss
41,CN,2285,Gold,Terran
41,CN,2285,Gold,Protoss
41,CN,2285,Gold,Protoss
41,CN,2285,Gold,Zerg
41,CN,2285,Gold,Protoss
41,CN,2285,Gold,Zerg
41,CN,2285,Gold,Terran
41,CN,2285,Gold,Protoss
41,CN,2285,Gold,Protoss
41,CN,2285,Gold,Zerg
41,CN,2285,Gold,Terran
41,CN,2285,Gold,Terran
41,CN,2285,Gold,Zerg
41,CN,2285,Gold,Protoss
41,CN,2285,Gold,Protoss
41,CN,2285,Gold,Protoss
41,CN,2285,Gold,Terran
41,CN,2285,Gold,Terran
41,CN,2284,Gold,Protoss
41,CN,2284,Gold,Terran
41,CN,2284,Gold,Terran
41,CN,2284,Gold,Terran
41,CN,2284,Gold,Random
41,CN,2284,Gold,Protoss
41,CN,2284,Gold,Protoss
41,CN,2284,Gold,Protoss
41,CN,2284,Gold,Terran
41,CN,2284,Gold,Terran
41,CN,2284,Gold,Protoss
41,CN,2284,Gold,Protoss
41,CN,2284,Gold,Terran
41,CN,2284,Gold,Protoss
41,CN,2284,Gold,Protoss
41,CN,2284,Gold,Terran
41,CN,2284,Gold,Zerg
41,CN,2284,Gold,Terran
41,CN,2284,Gold,Terran
41,CN,2284,Gold,Zerg
41,CN,2284,Gold,Terran
41,CN,2284,Gold,Terran
41,CN,2284,Gold,Protoss
41,CN,2284,Gold,Protoss
41,CN,2284,Gold,Terran
41,CN,2284,Gold,Terran
41,CN,2284,Gold,Protoss
41,CN,2284,Gold,Random
41,CN,2284,Gold,Terran
41,CN,2284,Gold,Protoss
41,CN,2284,Gold,Terran
41,CN,2284,Gold,Protoss
41,CN,2284,Gold,Zerg
41,CN,2282,Gold,Protoss
41,CN,2282,Gold,Random
41,CN,2282,Gold,Terran
41,CN,2282,Gold,Terran
41,CN,2282,Gold,Terran
41,CN,2282,Gold,Protoss
41,CN,2282,Gold,Protoss
41,CN,2282,Gold,Terran
41,CN,2282,Gold,Protoss
41,CN,2282,Gold,Protoss
41,CN,2282,Gold,Zerg
41,CN,2282,Gold,Zerg
41,CN,2282,Gold,Terran
41,CN,2282,Gold,Protoss
41,CN,2282,Gold,Protoss
41,CN,2282,Gold,Terran
41,CN,2282,Gold,Terran
41,CN,2282,Gold,Protoss
41,CN,2282,Gold,Protoss
41,CN,2282,Gold,Protoss
41,CN,2282,Gold,Terran
41,CN,2282,Gold,Protoss
41,CN,2282,Gold,Protoss
41,CN,2282,Gold,Protoss
41,CN,2282,Gold,Zerg
41,CN,2282,Gold,Zerg
41,CN,2282,Gold,Terran
41,CN,2282,Gold,Zerg
41,CN,2282,Gold,Terran
41,CN,2282,Gold,Protoss
41,CN,2282,Gold,Zerg
41,CN,2282,Gold,Protoss
41,CN,2282,Gold,Terran
41,CN,2282,Gold,Protoss
41,CN,2282,Gold,Zerg
41,CN,2282,Gold,Protoss
41,CN,2282,Gold,Terran
41,CN,2282,Gold,Terran
41,CN,2282,Gold,Zerg
41,CN,2282,Gold,Terran
41,CN,2282,Gold,Terran
41,CN,2282,Gold,Terran
41,CN,2282,Gold,Terran
41,CN,2282,Gold,Zerg
41,CN,2282,Gold,Protoss
41,CN,2282,Gold,Terran
41,CN,2282,Gold,Terran
41,CN,2282,Gold,Random
41,CN,2282,Gold,Random
41,CN,2282,Gold,Zerg
41,CN,2282,Gold,Protoss
41,CN,2281,Gold,Protoss
41,CN,2281,Gold,Protoss
41,CN,2281,Gold,Terran
41,CN,2281,Gold,Zerg
41,CN,2281,Gold,Protoss
41,CN,2281,Gold,Terran
41,CN,2281,Gold,Terran
41,CN,2281,Gold,Protoss
41,CN,2281,Gold,Protoss
41,CN,2281,Gold,Terran
41,CN,2281,Gold,Terran
41,CN,2281,Gold,Protoss
41,CN,2281,Gold,Protoss
41,CN,2281,Gold,Terran
41,CN,2281,Gold,Terran
41,CN,2281,Gold,Protoss
41,CN,2281,Gold,Zerg
41,CN,2281,Gold,Protoss
41,CN,2281,Gold,Terran
41,CN,2281,Gold,Terran
41,CN,2281,Gold,Protoss
41,CN,2281,Gold,Protoss
41,CN,2281,Gold,Terran
41,CN,2281,Gold,Zerg
41,CN,2281,Gold,Terran
41,CN,2281,Gold,Terran
41,CN,2281,Gold,Random
41,CN,2281,Gold,Terran
41,CN,2281,Gold,Protoss
41,CN,2281,Gold,Zerg
41,CN,2281,Gold,Terran
41,CN,2281,Gold,Zerg
41,CN,2281,Gold,Terran
41,CN,2281,Gold,Protoss
41,CN,2281,Gold,Protoss
41,CN,2281,Gold,Protoss
41,CN,2281,Gold,Protoss
41,CN,2281,Gold,Protoss
41,CN,2281,Gold,Protoss
41,CN,2281,Gold,Zerg
41,CN,2281,Gold,Protoss
41,CN,2281,Gold,Zerg
41,CN,2281,Gold,Protoss
41,CN,2281,Gold,Protoss
41,CN,2280,Gold,Protoss
41,CN,2280,Gold,Protoss
41,CN,2280,Gold,Terran
41,CN,2280,Gold,Terran
41,CN,2280,Gold,Terran
